YEAR,RANK,MOVEMENT,PLAYER_ID,PLAYER,AVG,TOTAL ACTUAL HANG TIME,TOTAL ATTEMPTS
2024,1,0,51070,Vincent Norrman,4.0,1731.3,436
2024,2,0,32839,Hideki Matsuyama,3.9,2231.8,570
2024,3,1,55789,Taylor Montgomery,3.8,1427.6,378
2024,4,-1,52453,Nicolai Højgaard,3.6,1402.3,395
2024,5,0,52955,Ludvig Åberg,3.5,1964.2,554
2024,6,1,52372,Cameron Champ,3.4,1278.6,377
2024,6,-1,52666,Sami Valimaki,3.4,1765.2,513
2024,8,-1,48117,Kurt Kitayama,3.3,1404.8,432
2024,9,5,33408,Tyson Alexander,3.2,1844.0,573
2024,9,0,33948,Byeong Hun An,3.2,2021.8,626
2024,9,0,39997,Corey Conners,3.2,2271.8,709
2024,9,0,59442,Parker Coody,3.2,1519.6,474
2024,9,0,40098,Matt Fitzpatrick,3.2,1812.0,563
2024,9,0,23320,Ryan Palmer,3.2,1242.0,389
2024,15,-1,33653,Thomas Detry,3.1,1786.0,573
2024,15,3,34099,Harris English,3.1,1946.4,619
2024,15,-1,31646,Emiliano Grillo,3.1,2092.2,676
2024,15,3,47988,Nick Hardy,3.1,2347.9,768
2024,15,-1,39977,Max Homa,3.1,1718.2,556
2024,15,3,27129,Luke List,3.1,1851.7,603
2024,15,3,48887,Matt Wallace,3.1,1592.6,516
2024,22,-4,51766,Wyndham Clark,3.0,1473.4,485
2024,22,-4,46046,Scottie Scheffler,3.0,1784.0,600
2024,24,0,22371,Aaron Baddeley,2.9,1685.7,577
2024,24,9,28420,Ryan Brehm,2.9,1309.6,458
2024,24,0,29725,Tony Finau,2.9,1821.9,635
2024,24,0,12716,Charley Hoffman,2.9,1620.8,558
2024,24,9,35506,Mackenzie Hughes,2.9,2288.9,797
2024,24,0,40162,Justin Lower,2.9,2145.6,729
2024,24,0,39546,Keith Mitchell,2.9,2191.1,758
2024,24,0,34256,Andrew Putnam,2.9,2008.5,686
2024,24,0,22405,Justin Rose,2.9,1375.7,469
2024,24,0,54783,Dylan Wu,2.9,1961.7,671
2024,24,0,55454,Carl Yuan,2.9,1521.4,518
2024,35,17,34255,Joseph Bramlett,2.8,1768.2,642
2024,35,-2,45609,Tyler Duncan,2.8,1639.5,580
2024,35,6,27644,Brian Harman,2.8,2347.9,840
2024,35,-2,27349,Alex Noren,2.8,1352.5,490
2024,35,-2,29908,C.T. Pan,2.8,1489.6,530
2024,35,-2,48867,Matti Schmid,2.8,1459.7,528
2024,35,-2,51890,Greyson Sigg,2.8,1849.4,659
2024,35,-2,47483,Will Zalatoris,2.8,1362.2,492
2024,43,-2,32102,Rickie Fowler,2.7,1460.0,537
2024,43,9,52375,Doug Ghim,2.7,1959.4,729
2024,43,9,35310,Lanto Griffin,2.7,1378.7,514
2024,43,9,54421,Garrick Higgo,2.7,1668.3,613
2024,43,-2,29420,Billy Horschel,2.7,1777.2,663
2024,43,9,47993,Denny McCarthy,2.7,1987.4,744
2024,43,-2,49947,Taylor Moore,2.7,2147.7,788
2024,43,9,51997,Andrew Novak,2.7,1881.7,710
2024,43,-2,28252,Seamus Power,2.7,1889.7,713
2024,43,-2,48081,Xander Schauffele,2.7,1322.0,489
2024,43,9,46441,Robby Shelton,2.7,1809.9,670
2024,43,9,29221,Webb Simpson,2.7,1114.4,417
2024,43,-2,34046,Jordan Spieth,2.7,1622.1,607
2024,43,9,55893,Sam Stevens,2.7,2050.2,770
2024,43,-2,25493,Nick Taylor,2.7,1911.3,707
2024,43,-2,51634,Sahith Theegala,2.7,2109.1,790
2024,43,-2,40006,Erik van Rooyen,2.7,1807.2,679
2024,43,-2,57366,Cameron Young,2.7,1825.1,665
2024,61,-9,47504,Sam Burns,2.6,1513.1,576
2024,61,-9,32367,Jorge Campillo,2.6,942.9,359
2024,61,-9,35450,Patrick Cantlay,2.6,1412.2,547
2024,61,12,51349,Nico Echavarria,2.6,1676.9,655
2024,61,-9,57362,Austin Eckroat,2.6,1881.0,721
2024,61,12,54591,Ben Griffin,2.6,1840.1,703
2024,61,-9,57975,Harry Hall,2.6,1687.0,647
2024,61,-9,34098,Russell Henley,2.6,1680.4,642
2024,61,-9,35532,Tom Hoge,2.6,2094.1,804
2024,61,12,36801,Mark Hubbard,2.6,2182.5,844
2024,61,12,39975,Michael Kim,2.6,1640.3,621
2024,61,12,50188,S.H. Kim,2.6,2053.6,791
2024,61,-9,37455,Si Woo Kim,2.6,2089.0,795
2024,61,-9,47420,Jake Knapp,2.6,1731.8,654
2024,61,-9,28775,Nate Lashley,2.6,1611.4,614
2024,61,12,26596,Ryan Moore,2.6,1716.8,669
2024,61,12,47995,Davis Riley,2.6,1697.9,663
2024,61,-9,37275,Sam Ryder,2.6,1649.0,632
2024,61,-9,30927,Brendon Todd,2.6,2116.9,822
2024,80,-7,45522,Christiaan Bezuidenhout,2.5,1671.4,658
2024,80,-7,33141,Keegan Bradley,2.5,1542.5,619
2024,80,-7,47591,Eric Cole,2.5,2220.0,892
2024,80,-7,28089,Jason Day,2.5,1322.9,537
2024,80,-7,47663,Kevin Dougherty,2.5,1302.0,515
2024,80,17,50497,Adrien Dumont de Chassart,2.5,1430.4,568
2024,80,-7,30911,Tommy Fleetwood,2.5,1325.0,533
2024,80,-7,35461,Beau Hossler,2.5,2000.7,800
2024,80,-7,46717,Viktor Hovland,2.5,1263.9,498
2024,80,-7,39971,Sungjae Im,2.5,1872.2,757
2024,80,-7,34587,Chan Kim,2.5,1549.4,615
2024,80,17,32791,K.H. Lee,2.5,1508.1,614
2024,80,-7,37378,Min Woo Lee,2.5,1179.7,469
2024,80,-7,36326,David Lipsky,2.5,1379.5,553
2024,80,-7,52215,Robert MacIntyre,2.5,1428.2,576
2024,80,17,46442,Maverick McNealy,2.5,1799.6,726
2024,80,-7,36871,Matt NeSmith,2.5,1492.2,588
2024,80,-7,46414,Aaron Rai,2.5,1913.4,751
2024,80,-7,47983,Chad Ramey,2.5,1618.7,636
2024,80,17,36699,Patrick Rodgers,2.5,2233.2,904
2024,80,17,47347,Adam Schenk,2.5,1934.5,781
2024,80,17,58168,Davis Thompson,2.5,1759.2,704
2024,80,-7,27064,Jhonattan Vegas,2.5,1260.0,512
2024,103,10,34374,Erik Barnes,2.4,1036.4,440
2024,103,10,25900,Lucas Glover,2.4,1770.1,736
2024,103,-6,59095,Chris Gotterup,2.4,1373.2,573
2024,103,-6,51287,Ryo Hisatsune,2.4,1625.2,666
2024,103,-6,36799,Stephan Jaeger,2.4,1803.0,744
2024,103,-6,33968,Thorbjørn Olesen,2.4,830.7,342
2024,103,-6,48153,Matthieu Pavon,2.4,1247.6,523
2024,103,-6,47679,Victor Perez,2.4,1169.9,486
2024,103,-6,39327,Ben Silverman,2.4,1906.5,800
2024,103,-6,27649,Brandt Snedeker,2.4,1394.3,575
2024,103,-6,39324,J.J. Spaun,2.4,1646.6,689
2024,103,-6,27330,Josh Teater,2.4,992.7,409
2024,103,10,52513,Carson Young,2.4,1707.6,706
2024,103,10,45242,Kevin Yu,2.4,1455.4,610
2024,117,-4,56630,Akshay Bhatia,2.3,1792.7,786
2024,117,-4,45157,Cam Davis,2.3,1374.8,593
2024,117,-4,29936,Ryan Fox,2.3,1374.4,608
2024,117,7,54628,Lee Hodges,2.3,1654.4,717
2024,117,-4,30926,Chris Kirk,2.3,1516.7,666
2024,117,7,27936,Martin Laird,2.3,1254.3,542
2024,117,-4,32640,Troy Merritt,2.3,1462.8,624
2024,117,7,26476,Chez Reavie,2.3,1292.7,571
2024,117,-4,24502,Adam Scott,2.3,1335.0,574
2024,117,-4,50493,Justin Suh,2.3,1367.7,590
2024,117,7,40115,Adam Svensson,2.3,2111.7,929
2024,128,7,55708,Hayden Buckley,2.2,1310.4,608
2024,128,7,34021,Bud Cauley,2.2,1141.3,511
2024,128,-4,34563,Chesson Hadley,2.2,1346.8,609
2024,128,-4,33399,Adam Hadwin,2.2,1494.9,666
2024,128,7,60067,Joe Highsmith,2.2,1268.0,588
2024,128,-4,55182,Tom Kim,2.2,1493.4,685
2024,128,-4,28237,Rory McIlroy,2.2,935.3,420
2024,128,-4,49771,J.T. Poston,2.2,1691.3,755
2024,128,7,50484,Hayden Springer,2.2,1223.1,560
2024,128,7,48699,Callum Tarren,2.2,1209.3,554
2024,128,-4,38991,Alejandro Tosti,2.2,1333.9,596
2024,128,-4,31323,Gary Woodland,2.2,1226.5,546
2024,140,6,56149,Wilson Furr,2.1,892.3,434
2024,140,-5,33204,Shane Lowry,2.1,1305.2,613
2024,140,-5,50525,Collin Morikawa,2.1,1209.9,563
2024,140,6,47806,Raul Pereda,2.1,803.0,389
2024,140,-5,57900,Chandler Phillips,2.1,1554.9,742
2024,140,-5,49960,Sepp Straka,2.1,1264.4,595
2024,140,-5,33448,Justin Thomas,2.1,1004.3,468
2024,140,6,27770,Camilo Villegas,2.1,854.9,412
2024,140,-5,48319,Tom Whitney,2.1,1101.0,526
2024,149,-3,37212,Paul Barjon,2.0,788.8,397
2024,149,-3,40058,Zac Blair,2.0,1672.5,821
2024,149,-3,32070,Rafael Campos,2.0,904.1,443
2024,149,-3,32366,Kevin Chappell,2.0,880.1,430
2024,149,9,34076,Joel Dahmen,2.0,1523.2,774
2024,149,-3,24024,Zach Johnson,2.0,917.5,457
2024,149,9,34466,Peter Malnati,2.0,1396.8,716
2024,149,-3,46113,Ryan McCormick,2.0,866.5,428
2024,149,-3,40250,Taylor Pendrith,2.0,1486.6,736
2024,149,-3,27139,David Skinns,2.0,1186.2,585
2024,149,-3,48119,Ben Taylor,2.0,941.0,474
2024,149,9,51894,Vince Whaley,2.0,1102.2,546
2024,161,-3,52374,Brandon Wu,1.9,1248.0,647
2024,162,0,60004,Jacob Bridgeman,1.8,1059.6,587
2024,162,0,51977,Max Greyserman,1.8,951.0,516
2024,162,0,51696,Rico Hoey,1.8,1080.7,588
2024,165,0,59866,Nick Dunlap,1.7,918.0,533
2024,165,0,60767,Blaine Hale Jr.,1.7,677.9,404
2024,165,0,59143,Mac Meissner,1.7,1019.1,587
2024,165,0,46340,Alex Smalley,1.7,915.8,524
2024,165,4,35617,Martin Trainer,1.7,655.2,381
2024,170,3,29478,Kevin Kisner,1.6,744.8,478
2024,170,-1,36884,Ben Kohles,1.6,1095.1,672
2024,170,-1,23108,Matt Kuchar,1.6,1040.6,668
2024,170,-1,33486,Roger Sloan,1.6,987.4,607
2024,174,-1,40026,Daniel Berger,1.5,922.0,595
2024,174,-1,59836,Pierceson Coody,1.5,914.6,618
2024,174,-1,52514,Trace Crowe,1.5,915.3,603
2024,174,-1,32757,Patton Kizzire,1.5,767.2,511
2024,178,0,54576,Patrick Fishburn,1.4,707.3,497
2024,178,0,27214,Kevin Streelman,1.4,746.7,546
2024,180,0,30163,Henrik Norlander,1.0,399.3,419
2024,181,0,29535,Brice Garnett,0.8,332.2,419
2024,182,0,50095,Austin Smotherman,0.7,283.0,384
2024,183,0,32333,Kevin Tway,0.2,88.9,409
2024,184,0,48084,Wesley Bryan,0.0,2.8,385
2023,1,0,50493,Justin Suh,6.9,5488.6,798
2023,2,0,33141,Keegan Bradley,6.8,4161.8,615
2023,2,0,32366,Kevin Chappell,6.8,2422.5,355
2023,2,0,32448,James Hahn,6.8,3999.2,586
2023,2,0,36799,Stephan Jaeger,6.8,6986.4,1028
2023,2,0,51491,Brandon Matthews,6.8,1996.9,294
2023,2,0,36871,Matt NeSmith,6.8,5241.7,775
2023,2,0,40250,Taylor Pendrith,6.8,5035.9,746
2023,2,0,31323,Gary Woodland,6.8,3908.8,575
2023,10,0,52955,Ludvig Åberg,6.7,2429.3,360
2023,10,0,35450,Patrick Cantlay,6.7,3886.2,581
2023,10,0,54591,Ben Griffin,6.7,5533.0,825
2023,10,0,35506,Mackenzie Hughes,6.7,4531.2,680
2023,10,0,35449,Adam Long,6.7,5451.4,818
2023,10,0,32640,Troy Merritt,6.7,4572.9,683
2023,10,0,39546,Keith Mitchell,6.7,4586.3,687
2023,10,0,29221,Webb Simpson,6.7,3001.2,449
2023,10,0,57366,Cameron Young,6.7,3952.6,588
2023,19,0,33948,Byeong Hun An,6.6,5496.4,827
2023,19,0,55708,Hayden Buckley,6.6,3805.2,576
2023,19,0,51766,Wyndham Clark,6.6,4292.6,648
2023,19,0,47591,Eric Cole,6.6,6514.7,992
2023,19,0,49453,Trevor Cone,6.6,4389.6,670
2023,19,0,39997,Corey Conners,6.6,5039.3,760
2023,19,0,28089,Jason Day,6.6,3607.0,543
2023,19,0,33653,Thomas Detry,6.6,3719.8,563
2023,19,0,45609,Tyler Duncan,6.6,4977.8,750
2023,19,0,32102,Rickie Fowler,6.6,3840.4,585
2023,19,0,56762,Will Gordon,6.6,4332.4,657
2023,19,0,31577,Tano Goya,6.6,3460.0,526
2023,19,0,27554,Scott Harrington,6.6,3792.1,577
2023,19,0,29420,Billy Horschel,6.6,3164.9,483
2023,19,0,33410,Andrew Landry,6.6,4155.4,634
2023,19,0,33204,Shane Lowry,6.6,3062.3,461
2023,19,0,47993,Denny McCarthy,6.6,5052.4,771
2023,19,0,51890,Greyson Sigg,6.6,5742.9,871
2023,19,0,52374,Brandon Wu,6.6,5760.3,874
2023,38,0,34255,Joseph Bramlett,6.5,3523.9,541
2023,38,0,47504,Sam Burns,6.5,3908.4,599
2023,38,0,51349,Nico Echavarria,6.5,3618.1,553
2023,38,0,57362,Austin Eckroat,6.5,4290.0,664
2023,38,0,34099,Harris English,6.5,3577.7,554
2023,38,0,30911,Tommy Fleetwood,6.5,3325.1,512
2023,38,0,51414,Brent Grant,6.5,3436.8,525
2023,38,0,35310,Lanto Griffin,6.5,2264.3,351
2023,38,0,47988,Nick Hardy,6.5,5022.3,776
2023,38,0,34363,Tyrrell Hatton,6.5,4034.4,621
2023,38,0,54421,Garrick Higgo,6.5,4865.5,749
2023,38,0,54628,Lee Hodges,6.5,5486.3,846
2023,38,0,24024,Zach Johnson,6.5,3385.4,517
2023,38,0,39975,Michael Kim,6.5,4035.1,618
2023,38,0,50188,S.H. Kim,6.5,5551.6,848
2023,38,0,30926,Chris Kirk,6.5,4866.8,744
2023,38,0,23108,Matt Kuchar,6.5,5071.0,778
2023,38,0,33413,Ben Martin,6.5,4705.1,720
2023,38,0,46601,Trey Mullinax,6.5,3933.2,601
2023,38,0,29289,S.Y. Noh,6.5,2860.0,440
2023,38,0,49771,J.T. Poston,6.5,4924.9,763
2023,38,0,26476,Chez Reavie,6.5,5257.2,810
2023,38,0,47995,Davis Riley,6.5,4360.7,672
2023,38,0,22405,Justin Rose,6.5,2861.3,441
2023,38,0,39335,Kevin Roy,6.5,2916.3,451
2023,38,0,48867,Matti Schmid,6.5,2580.8,396
2023,38,0,55893,Sam Stevens,6.5,5440.7,840
2023,38,0,27214,Kevin Streelman,6.5,4804.0,738
2023,38,0,58168,Davis Thompson,6.5,4718.0,726
2023,38,0,45242,Kevin Yu,6.5,2367.3,364
2023,68,0,33408,Tyson Alexander,6.4,4070.7,640
2023,68,0,40058,Zac Blair,6.4,4351.3,682
2023,68,0,20229,Stewart Cink,6.4,3792.0,593
2023,68,0,45157,Cam Davis,6.4,4289.1,666
2023,68,0,29725,Tony Finau,6.4,4477.4,702
2023,68,0,40098,Matt Fitzpatrick,6.4,3940.7,614
2023,68,0,59018,Ryan Gerard,6.4,2877.1,453
2023,68,0,32662,Michael Gligic,6.4,2892.1,450
2023,68,0,31646,Emiliano Grillo,6.4,4898.6,766
2023,68,0,33399,Adam Hadwin,6.4,5188.4,806
2023,68,0,34098,Russell Henley,6.4,4448.1,693
2023,68,0,35532,Tom Hoge,6.4,4816.4,754
2023,68,0,35461,Beau Hossler,6.4,5432.7,843
2023,68,0,36801,Mark Hubbard,6.4,5226.2,811
2023,68,0,39971,Sungjae Im,6.4,5670.9,885
2023,68,0,55182,Tom Kim,6.4,4602.1,714
2023,68,0,32816,Satoshi Kodaira,6.4,2822.1,444
2023,68,0,58696,Peter Kuest,6.4,1926.2,302
2023,68,0,27936,Martin Laird,6.4,3895.7,612
2023,68,0,49766,Hank Lebioda,6.4,2437.0,380
2023,68,0,32791,K.H. Lee,6.4,4386.4,689
2023,68,0,27129,Luke List,6.4,4944.4,776
2023,68,0,40162,Justin Lower,6.4,4429.9,690
2023,68,0,32839,Hideki Matsuyama,6.4,4223.7,659
2023,68,0,51070,Vincent Norrman,6.4,3700.8,577
2023,68,0,36724,Augusto Núñez,6.4,3191.1,496
2023,68,0,24140,Sean O'Hair,6.4,1863.8,290
2023,68,0,23320,Ryan Palmer,6.4,4348.3,675
2023,68,0,46970,Jon Rahm,6.4,3266.6,512
2023,68,0,46414,Aaron Rai,6.4,5272.6,829
2023,68,0,47347,Adam Schenk,6.4,5298.1,826
2023,68,0,39324,J.J. Spaun,6.4,5065.6,789
2023,68,0,30692,Scott Stallings,6.4,3813.9,592
2023,68,0,27963,Chris Stroud,6.4,2481.9,386
2023,68,0,48119,Ben Taylor,6.4,4104.9,644
2023,68,0,25632,Jimmy Walker,6.4,4294.1,667
2023,68,0,47128,Richy Werenski,6.4,3963.3,618
2023,68,0,54783,Dylan Wu,6.4,4521.3,707
2023,68,0,52513,Carson Young,6.4,4265.9,666
2023,107,0,19803,Ryan Armour,6.3,4458.6,713
2023,107,0,45522,Christiaan Bezuidenhout,6.3,4607.6,735
2023,107,0,56630,Akshay Bhatia,6.3,3252.0,517
2023,107,0,28420,Ryan Brehm,6.3,3652.1,577
2023,107,0,48084,Wesley Bryan,6.3,1641.0,261
2023,107,0,24925,Jonathan Byrd,6.3,2026.1,321
2023,107,0,52372,Cameron Champ,6.3,2350.7,374
2023,107,0,46435,Austin Cook,6.3,3625.2,572
2023,107,0,37338,Zecheng Dou,6.3,4573.3,728
2023,107,0,47079,Harrison Endycott,6.3,4199.0,663
2023,107,0,52375,Doug Ghim,6.3,3931.0,620
2023,107,0,39954,Cody Gribble,6.3,2807.2,448
2023,107,0,34563,Chesson Hadley,6.3,4267.9,681
2023,107,0,35901,Paul Haley II,6.3,4487.3,710
2023,107,0,57975,Harry Hall,6.3,3981.4,636
2023,107,0,27644,Brian Harman,6.3,5398.6,853
2023,107,0,31557,Jim Herman,6.3,3424.9,540
2023,107,0,12716,Charley Hoffman,6.3,3360.0,537
2023,107,0,46717,Viktor Hovland,6.3,3915.2,617
2023,107,0,27974,Sung Kang,6.3,1658.8,262
2023,107,0,34466,Peter Malnati,6.3,4960.7,793
2023,107,0,31202,William McGirt,6.3,2507.3,395
2023,107,0,50525,Collin Morikawa,6.3,3700.4,590
2023,107,0,51997,Andrew Novak,6.3,3725.7,589
2023,107,0,22056,Cameron Percy,6.3,2852.5,452
2023,107,0,25818,Scott Piercy,6.3,4800.5,766
2023,107,0,28252,Seamus Power,6.3,3735.6,590
2023,107,0,34256,Andrew Putnam,6.3,5173.0,826
2023,107,0,47983,Chad Ramey,6.3,5573.5,879
2023,107,0,53165,Doc Redman,6.3,4095.2,655
2023,107,0,36699,Patrick Rodgers,6.3,5485.8,864
2023,107,0,48081,Xander Schauffele,6.3,3121.3,497
2023,107,0,34610,Matthias Schwab,6.3,4897.9,772
2023,107,0,24502,Adam Scott,6.3,2925.6,461
2023,107,0,50095,Austin Smotherman,6.3,4472.4,710
2023,107,0,34046,Jordan Spieth,6.3,3783.2,598
2023,107,0,49960,Sepp Straka,6.3,4659.2,738
2023,107,0,40115,Adam Svensson,6.3,5981.8,953
2023,107,0,25493,Nick Taylor,6.3,4284.2,683
2023,107,0,33448,Justin Thomas,6.3,3590.3,571
2023,107,0,30927,Brendon Todd,6.3,5118.0,815
2023,107,0,35617,Martin Trainer,6.3,2216.7,353
2023,107,0,32333,Kevin Tway,6.3,4121.3,654
2023,107,0,40006,Erik van Rooyen,6.3,3135.6,498
2023,107,0,52411,Kyle Westmoreland,6.3,3251.6,514
2023,107,0,32139,Danny Willett,6.3,3172.7,501
2023,107,0,55454,Carl Yuan,6.3,4199.8,664
2023,154,0,22371,Aaron Baddeley,6.2,2849.1,461
2023,154,0,39067,MJ Daffue,6.2,4390.1,709
2023,154,0,29970,Dylan Frittelli,6.2,3402.7,547
2023,154,0,29535,Brice Garnett,6.2,3761.5,610
2023,154,0,25900,Lucas Glover,6.2,4465.9,715
2023,154,0,39058,Lucas Herbert,6.2,2267.5,364
2023,154,0,49298,Kramer Hickok,6.2,4292.5,690
2023,154,0,39977,Max Homa,6.2,4307.2,691
2023,154,0,32757,Patton Kizzire,6.2,4745.5,762
2023,154,0,33122,Russell Knox,6.2,4905.0,797
2023,154,0,28775,Nate Lashley,6.2,4899.3,791
2023,154,0,34409,David Lingmerth,6.2,3906.5,629
2023,154,0,36326,David Lipsky,6.2,4551.3,736
2023,154,0,51950,Max McGreevy,6.2,3817.2,617
2023,154,0,49947,Taylor Moore,6.2,4799.0,777
2023,154,0,27349,Alex Noren,6.2,3908.3,634
2023,154,0,37275,Sam Ryder,6.2,5483.2,878
2023,154,0,46046,Scottie Scheffler,6.2,4183.8,670
2023,154,0,46441,Robby Shelton,6.2,4503.1,722
2023,154,0,46340,Alex Smalley,6.2,4780.7,772
2023,154,0,48699,Callum Tarren,6.2,4705.3,764
2023,154,0,51634,Sahith Theegala,6.2,4937.5,795
2023,154,0,48887,Matt Wallace,6.2,3371.1,542
2023,154,0,58967,Trevor Werbylo,6.2,3549.7,569
2023,178,0,34076,Joel Dahmen,6.1,4902.0,800
2023,178,0,25686,Jason Dufner,6.1,3896.6,634
2023,178,0,52453,Nicolai Hojgaard,6.1,1744.3,286
2023,178,0,37455,Si Woo Kim,6.1,5729.1,935
2023,178,0,35879,Kelly Kraft,6.1,4319.4,713
2023,178,0,28237,Rory McIlroy,6.1,2771.8,451
2023,178,0,46442,Maverick McNealy,6.1,2468.2,404
2023,178,0,55789,Taylor Montgomery,6.1,3745.3,619
2023,178,0,29908,C.T. Pan,6.1,2254.3,367
2023,178,0,31560,Brian Stuard,6.1,2964.2,486
2023,188,0,33597,Harry Higgs,6.0,3540.0,594
2023,188,0,48117,Kurt Kitayama,6.0,1691.6,284
2023,188,0,34431,Robert Streb,6.0,3587.6,593
2023,188,0,27095,Nick Watney,6.0,2686.9,447
2023,192,0,26596,Ryan Moore,5.9,4042.0,685
2023,192,0,30163,Henrik Norlander,5.9,3478.0,587
2022,1,0,33141,Keegan Bradley,6.9,2988.0,433
2022,1,0,32366,Kevin Chappell,6.9,2424.1,351
2022,1,0,51890,Greyson Sigg,6.9,4036.2,588
2022,4,0,32448,James Hahn,6.8,3321.4,487
2022,4,0,36799,Stephan Jaeger,6.8,3952.1,582
2022,4,0,36689,Brooks Koepka,6.8,1514.7,224
2022,4,0,39546,Keith Mitchell,6.8,3813.3,558
2022,4,0,33486,Roger Sloan,6.8,3178.1,470
2022,4,0,57366,Cameron Young,6.8,3712.5,542
2022,4,0,47483,Will Zalatoris,6.8,2891.3,426
2022,11,0,34255,Joseph Bramlett,6.7,2726.4,409
2022,11,0,45157,Cam Davis,6.7,3695.1,549
2022,11,0,47988,Nick Hardy,6.7,2388.8,356
2022,11,0,54421,Garrick Higgo,6.7,1612.9,241
2022,11,0,30944,Jason Kokrak,6.7,1693.4,252
2022,11,0,32640,Troy Merritt,6.7,3772.0,562
2022,11,0,25198,Francesco Molinari,6.7,1764.0,265
2022,11,0,40250,Taylor Pendrith,6.7,3095.7,460
2022,11,0,27064,Jhonattan Vegas,6.7,2824.7,421
2022,20,0,35450,Patrick Cantlay,6.6,2287.3,346
2022,20,0,51766,Wyndham Clark,6.6,3751.6,568
2022,20,0,45609,Tyler Duncan,6.6,3694.5,561
2022,20,0,24924,Bill Haas,6.6,3388.5,516
2022,20,0,35461,Beau Hossler,6.6,3003.7,458
2022,20,0,27129,Luke List,6.6,3585.4,546
2022,20,0,35449,Adam Long,6.6,3762.6,566
2022,20,0,32839,Hideki Matsuyama,6.6,2515.9,384
2022,20,0,36871,Matt NeSmith,6.6,3213.0,488
2022,20,0,47995,Davis Riley,6.6,4068.5,619
2022,20,0,22405,Justin Rose,6.6,1552.5,237
2022,20,0,23325,Vaughn Taylor,6.6,2159.0,329
2022,20,0,10381,Curtis Thompson,6.6,1915.8,289
2022,20,0,32150,Michael Thompson,6.6,3872.1,589
2022,20,0,31323,Gary Woodland,6.6,2289.3,345
2022,35,0,30978,Kiradech Aphibarnrat,6.5,2204.4,341
2022,35,0,24925,Jonathan Byrd,6.5,2273.0,351
2022,35,0,39997,Corey Conners,6.5,3538.7,542
2022,35,0,28089,Jason Day,6.5,2646.1,410
2022,35,0,29725,Tony Finau,6.5,3593.6,551
2022,35,0,30911,Tommy Fleetwood,6.5,1579.2,244
2022,35,0,32102,Rickie Fowler,6.5,2834.7,438
2022,35,0,31646,Emiliano Grillo,6.5,3573.9,553
2022,35,0,34363,Tyrrell Hatton,6.5,2015.5,312
2022,35,0,34098,Russell Henley,6.5,3054.9,470
2022,35,0,35532,Tom Hoge,6.5,3747.6,579
2022,35,0,35506,Mackenzie Hughes,6.5,3405.6,524
2022,35,0,39971,Sungjae Im,6.5,3549.8,545
2022,35,0,29478,Kevin Kisner,6.5,2501.4,385
2022,35,0,36852,Jim Knous,6.5,2042.6,314
2022,35,0,31420,Anirban Lahiri,6.5,2950.2,457
2022,35,0,26851,Marc Leishman,6.5,2810.8,435
2022,35,0,51950,Max McGreevy,6.5,3039.7,471
2022,35,0,28237,Rory McIlroy,6.5,2320.9,357
2022,35,0,48822,Sebastián Muñoz,6.5,3650.1,562
2022,35,0,27349,Alex Noren,6.5,1877.0,290
2022,35,0,33667,Carlos Ortiz,6.5,2651.4,409
2022,35,0,23320,Ryan Palmer,6.5,2528.9,392
2022,35,0,22056,Cameron Percy,6.5,1904.7,294
2022,35,0,24361,Pat Perez,6.5,1994.0,306
2022,35,0,49771,J.T. Poston,6.5,4115.0,633
2022,35,0,46970,Jon Rahm,6.5,2264.1,347
2022,35,0,47347,Adam Schenk,6.5,3507.5,542
2022,35,0,35891,Cameron Smith,6.5,2347.7,363
2022,35,0,39324,J.J. Spaun,6.5,3447.3,534
2022,35,0,30692,Scott Stallings,6.5,3941.4,611
2022,35,0,29518,Brendan Steele,6.5,3273.3,506
2022,35,0,27214,Kevin Streelman,6.5,4088.7,629
2022,35,0,49964,Aaron Wise,6.5,3530.0,542
2022,35,0,45540,Jared Wolfe,6.5,2388.6,366
2022,35,0,56278,Matthew Wolff,6.5,1637.7,251
2022,71,0,27895,Jonas Blixt,6.4,2344.1,368
2022,71,0,55708,Hayden Buckley,6.4,3559.1,552
2022,71,0,47504,Sam Burns,6.4,3269.0,508
2022,71,0,20229,Stewart Cink,6.4,2743.7,429
2022,71,0,39436,Joshua Creel,6.4,2279.1,358
2022,71,0,35110,Brett Drewitt,6.4,2174.3,339
2022,71,0,52375,Doug Ghim,6.4,3089.0,485
2022,71,0,32662,Michael Gligic,6.4,2950.9,461
2022,71,0,46402,Talor Gooch,6.4,1834.2,288
2022,71,0,35310,Lanto Griffin,6.4,3130.1,487
2022,71,0,33399,Adam Hadwin,6.4,3504.1,549
2022,71,0,27644,Brian Harman,6.4,3859.2,604
2022,71,0,54628,Lee Hodges,6.4,4285.1,666
2022,71,0,39977,Max Homa,6.4,3475.0,543
2022,71,0,27974,Sung Kang,6.4,3114.6,487
2022,71,0,30926,Chris Kirk,6.4,2957.8,460
2022,71,0,32757,Patton Kizzire,6.4,3679.9,571
2022,71,0,23108,Matt Kuchar,6.4,3068.6,482
2022,71,0,27936,Martin Laird,6.4,2920.9,454
2022,71,0,49766,Hank Lebioda,6.4,3365.7,524
2022,71,0,36326,David Lipsky,6.4,3704.2,581
2022,71,0,40162,Justin Lower,6.4,2929.3,455
2022,71,0,46601,Trey Mullinax,6.4,3637.6,566
2022,71,0,29289,S.Y. Noh,6.4,2389.6,372
2022,71,0,29908,C.T. Pan,6.4,3378.0,524
2022,71,0,47983,Chad Ramey,6.4,2966.7,461
2022,71,0,48081,Xander Schauffele,6.4,2345.1,365
2022,71,0,46046,Scottie Scheffler,6.4,3289.8,516
2022,71,0,24502,Adam Scott,6.4,3083.3,485
2022,71,0,29221,Webb Simpson,6.4,2087.7,325
2022,71,0,49960,Sepp Straka,6.4,3133.8,488
2022,71,0,34264,Hudson Swafford,6.4,1666.6,259
2022,71,0,30927,Brendon Todd,6.4,3229.8,505
2022,71,0,33419,Cameron Tringale,6.4,3267.0,514
2022,71,0,48887,Matt Wallace,6.4,2810.4,438
2022,71,0,47128,Richy Werenski,6.4,2435.7,380
2022,107,0,45526,Abraham Ancer,6.3,1919.4,307
2022,107,0,48084,Wesley Bryan,6.3,1689.6,269
2022,107,0,23983,Luke Donald,6.3,2106.1,335
2022,107,0,40098,Matt Fitzpatrick,6.3,2102.3,334
2022,107,0,29535,Brice Garnett,6.3,2890.8,460
2022,107,0,34563,Chesson Hadley,6.3,2828.5,452
2022,107,0,12716,Charley Hoffman,6.3,3263.3,514
2022,107,0,46717,Viktor Hovland,6.3,2370.3,374
2022,107,0,36801,Mark Hubbard,6.3,3084.4,489
2022,107,0,48117,Kurt Kitayama,6.3,2354.0,373
2022,107,0,33122,Russell Knox,6.3,3421.4,542
2022,107,0,28775,Nate Lashley,6.3,3379.0,533
2022,107,0,29926,Danny Lee,6.3,1544.2,244
2022,107,0,32791,K.H. Lee,6.3,3649.0,575
2022,107,0,34466,Peter Malnati,6.3,4886.6,772
2022,107,0,47993,Denny McCarthy,6.3,3074.1,485
2022,107,0,46442,Maverick McNealy,6.3,3474.6,555
2022,107,0,50525,Collin Morikawa,6.3,1829.9,291
2022,107,0,47529,Mito Pereira,6.3,3720.0,591
2022,107,0,24138,Ian Poulter,6.3,1340.1,212
2022,107,0,26476,Chez Reavie,6.3,4014.8,637
2022,107,0,47856,Seth Reeves,6.3,2741.4,435
2022,107,0,37275,Sam Ryder,6.3,3521.6,558
2022,107,0,23621,Rory Sabbatini,6.3,2670.6,426
2022,107,0,27139,David Skinns,6.3,2650.2,421
2022,107,0,50095,Austin Smotherman,6.3,3438.5,546
2022,107,0,34046,Jordan Spieth,6.3,2836.2,448
2022,107,0,25493,Nick Taylor,6.3,3263.1,514
2022,107,0,33448,Justin Thomas,6.3,2463.7,391
2022,107,0,32333,Kevin Tway,6.3,3032.1,483
2022,107,0,40006,Erik van Rooyen,6.3,1256.6,201
2022,107,0,52374,Brandon Wu,6.3,2539.7,406
2022,107,0,54783,Dylan Wu,6.3,2592.6,413
2022,140,0,37212,Paul Barjon,6.2,2819.1,452
2022,140,0,52372,Cameron Champ,6.2,1937.3,312
2022,140,0,34076,Joel Dahmen,6.2,3462.0,554
2022,140,0,25900,Lucas Glover,6.2,3369.1,545
2022,140,0,46550,Brandon Hagy,6.2,2971.3,477
2022,140,0,31557,Jim Herman,6.2,1876.2,302
2022,140,0,29420,Billy Horschel,6.2,2016.7,327
2022,140,0,21961,Charles Howell III,6.2,2182.1,351
2022,140,0,34174,John Huh,6.2,3220.7,520
2022,140,0,24024,Zach Johnson,6.2,2485.5,398
2022,140,0,26300,Matt Jones,6.2,2059.2,333
2022,140,0,32816,Satoshi Kodaira,6.2,2092.8,335
2022,140,0,33204,Shane Lowry,6.2,1825.9,293
2022,140,0,45486,Joaquin Niemann,6.2,2590.2,418
2022,140,0,30163,Henrik Norlander,6.2,2698.4,434
2022,140,0,51997,Andrew Novak,6.2,2756.2,441
2022,140,0,25818,Scott Piercy,6.2,3292.5,532
2022,140,0,28252,Seamus Power,6.2,2269.6,365
2022,140,0,34256,Andrew Putnam,6.2,3781.0,606
2022,140,0,46414,Aaron Rai,6.2,3338.9,538
2022,140,0,53165,Doc Redman,6.2,2866.5,464
2022,140,0,34610,Matthias Schwab,6.2,2749.0,442
2022,140,0,39953,Chase Seiffert,6.2,1969.1,318
2022,140,0,27649,Brandt Snedeker,6.2,2535.1,409
2022,140,0,34431,Robert Streb,6.2,3427.6,554
2022,140,0,40115,Adam Svensson,6.2,4170.2,669
2022,140,0,48699,Callum Tarren,6.2,2695.9,434
2022,140,0,35617,Martin Trainer,6.2,3104.1,498
2022,140,0,28114,Dawie van der Walt,6.2,2787.7,449
2022,140,0,37189,Harold Varner III,6.2,2400.8,390
2022,140,0,27095,Nick Watney,6.2,2500.1,402
2022,140,0,32139,Danny Willett,6.2,1993.4,321
2022,172,0,45522,Christiaan Bezuidenhout,6.1,2266.3,371
2022,172,0,46435,Austin Cook,6.1,2801.8,458
2022,172,0,25686,Jason Dufner,6.1,2016.1,328
2022,172,0,29970,Dylan Frittelli,6.1,3439.1,560
2022,172,0,29974,Branden Grace,6.1,1461.0,241
2022,172,0,24980,Scott Gutschewski,6.1,1958.7,321
2022,172,0,39058,Lucas Herbert,6.1,1572.7,257
2022,172,0,49298,Kramer Hickok,6.1,3570.3,581
2022,172,0,33490,Bo Hoag,6.1,1977.7,325
2022,172,0,37455,Si Woo Kim,6.1,4000.8,652
2022,172,0,49947,Taylor Moore,6.1,4206.4,686
2022,172,0,36699,Patrick Rodgers,6.1,3213.2,527
2022,172,0,51894,Vince Whaley,6.1,3499.0,574
2022,185,0,35879,Kelly Kraft,6.0,2944.7,493
2022,185,0,34360,Patrick Reed,6.0,2044.6,338
2022,185,0,31560,Brian Stuard,6.0,2939.7,486
2022,185,0,51634,Sahith Theegala,6.0,4694.0,785
2022,189,0,19803,Ryan Armour,5.9,1876.3,318
2022,189,0,33597,Harry Higgs,5.9,3289.9,558
2022,191,0,36884,Ben Kohles,5.8,2140.5,370
2022,191,0,46340,Alex Smalley,5.8,3175.5,544
2022,191,0,27770,Camilo Villegas,5.8,2236.5,387
2021,1,0,33141,Keegan Bradley,7.1,2076.8,293
2021,1,0,33486,Roger Sloan,7.1,4119.6,582
2021,3,0,32102,Rickie Fowler,7.0,1735.7,249
2021,3,0,28237,Rory McIlroy,7.0,1497.5,215
2021,5,0,33948,Byeong Hun An,6.9,1992.1,290
2021,5,0,32448,James Hahn,6.9,1816.7,262
2021,5,0,1810,Phil Mickelson,6.9,1255.6,182
2021,8,0,47504,Sam Burns,6.8,2051.7,301
2021,8,0,51766,Wyndham Clark,6.8,646.5,95
2021,8,0,45157,Cam Davis,6.8,2458.7,362
2021,8,0,47959,Bryson DeChambeau,6.8,1120.3,165
2021,8,0,30911,Tommy Fleetwood,6.8,968.2,143
2021,8,0,21209,Sergio Garcia,6.8,1865.1,276
2021,8,0,33399,Adam Hadwin,6.8,2036.8,299
2021,8,0,36689,Brooks Koepka,6.8,1170.4,173
2021,8,0,32640,Troy Merritt,6.8,2089.6,306
2021,8,0,29221,Webb Simpson,6.8,1285.3,190
2021,8,0,47483,Will Zalatoris,6.8,1617.3,239
2021,19,0,28089,Jason Day,6.7,1360.4,204
2021,19,0,46402,Talor Gooch,6.7,2161.4,323
2021,19,0,56762,Will Gordon,6.7,1777.9,265
2021,19,0,24924,Bill Haas,6.7,1015.8,151
2021,19,0,34563,Chesson Hadley,6.7,1512.1,227
2021,19,0,35461,Beau Hossler,6.7,2138.6,317
2021,19,0,39971,Sungjae Im,6.7,3049.7,458
2021,19,0,30944,Jason Kokrak,6.7,1901.0,284
2021,19,0,35230,Nelson Ledesma,6.7,1065.6,159
2021,19,0,29926,Danny Lee,6.7,1345.1,200
2021,19,0,35449,Adam Long,6.7,1901.6,283
2021,19,0,39546,Keith Mitchell,6.7,1704.6,253
2021,19,0,24361,Pat Perez,6.7,2000.5,297
2021,19,0,35617,Martin Trainer,6.7,1273.6,190
2021,19,0,48887,Matt Wallace,6.7,811.3,121
2021,34,0,33404,Chris Baker,6.6,1026.3,155
2021,34,0,29268,Bronson Burgoon,6.6,1653.0,251
2021,34,0,34314,Sebastian Cappelen,6.6,1024.3,156
2021,34,0,52372,Cameron Champ,6.6,1227.1,186
2021,34,0,20229,Stewart Cink,6.6,2019.5,305
2021,34,0,46435,Austin Cook,6.6,2392.9,361
2021,34,0,40098,Matt Fitzpatrick,6.6,1369.2,209
2021,34,0,27141,J.B. Holmes,6.6,2712.4,410
2021,34,0,46717,Viktor Hovland,6.6,2116.6,323
2021,34,0,27936,Martin Laird,6.6,1643.6,248
2021,34,0,33204,Shane Lowry,6.6,1527.1,233
2021,34,0,32839,Hideki Matsuyama,6.6,1848.5,279
2021,34,0,27349,Alex Noren,6.6,1848.7,281
2021,34,0,49771,J.T. Poston,6.6,2085.1,316
2021,34,0,22405,Justin Rose,6.6,943.6,143
2021,34,0,30110,Kyle Stanley,6.6,2064.4,313
2021,34,0,27214,Kevin Streelman,6.6,2135.7,326
2021,34,0,27064,Jhonattan Vegas,6.6,1802.8,274
2021,34,0,35658,Kris Ventura,6.6,1372.6,209
2021,34,0,49964,Aaron Wise,6.6,1863.0,284
2021,34,0,56278,Matthew Wolff,6.6,971.9,148
2021,34,0,31323,Gary Woodland,6.6,1052.8,160
2021,56,0,34255,Joseph Bramlett,6.5,1530.1,235
2021,56,0,32070,Rafael Campos,6.5,1096.4,169
2021,56,0,23983,Luke Donald,6.5,1208.5,187
2021,56,0,32662,Michael Gligic,6.5,1786.8,274
2021,56,0,31646,Emiliano Grillo,6.5,1913.0,293
2021,56,0,46550,Brandon Hagy,6.5,1503.9,230
2021,56,0,34363,Tyrrell Hatton,6.5,1076.9,166
2021,56,0,26758,David Hearn,6.5,1481.9,228
2021,56,0,34098,Russell Henley,6.5,1960.9,302
2021,56,0,12716,Charley Hoffman,6.5,1838.3,282
2021,56,0,35532,Tom Hoge,6.5,2240.8,347
2021,56,0,29420,Billy Horschel,6.5,1534.7,237
2021,56,0,35506,Mackenzie Hughes,6.5,1749.7,268
2021,56,0,32757,Patton Kizzire,6.5,2406.2,372
2021,56,0,31420,Anirban Lahiri,6.5,1592.9,246
2021,56,0,32791,K.H. Lee,6.5,2535.9,392
2021,56,0,26851,Marc Leishman,6.5,1310.6,202
2021,56,0,27129,Luke List,6.5,2047.0,313
2021,56,0,47993,Denny McCarthy,6.5,2037.2,314
2021,56,0,36871,Matt NeSmith,6.5,1671.1,258
2021,56,0,24140,Sean O'Hair,6.5,1415.0,219
2021,56,0,23320,Ryan Palmer,6.5,1393.3,215
2021,56,0,46970,Jon Rahm,6.5,1362.3,208
2021,56,0,36699,Patrick Rodgers,6.5,2045.2,317
2021,56,0,23621,Rory Sabbatini,6.5,1821.0,280
2021,56,0,26331,Charl Schwartzel,6.5,1899.4,292
2021,56,0,29518,Brendan Steele,6.5,1654.2,254
2021,56,0,49960,Sepp Straka,6.5,1951.9,302
2021,56,0,27330,Josh Teater,6.5,1039.1,159
2021,56,0,40006,Erik van Rooyen,6.5,1650.3,254
2021,56,0,37189,Harold Varner III,6.5,2233.0,345
2021,56,0,25804,Bubba Watson,6.5,1144.7,176
2021,88,0,33120,Mark Anderson,6.4,1025.7,161
2021,88,0,29479,Scott Brown,6.4,1692.6,263
2021,88,0,26499,Rafa Cabrera Bello,6.4,1397.9,220
2021,88,0,35450,Patrick Cantlay,6.4,1759.5,277
2021,88,0,25364,Paul Casey,6.4,1522.2,238
2021,88,0,39997,Corey Conners,6.4,2282.2,356
2021,88,0,34076,Joel Dahmen,6.4,1737.4,271
2021,88,0,29725,Tony Finau,6.4,1801.7,281
2021,88,0,29970,Dylan Frittelli,6.4,3159.4,491
2021,88,0,52375,Doug Ghim,6.4,1852.3,291
2021,88,0,27644,Brian Harman,6.4,2598.7,404
2021,88,0,27554,Scott Harrington,6.4,1549.3,241
2021,88,0,39977,Max Homa,6.4,1635.3,254
2021,88,0,34174,John Huh,6.4,1363.8,214
2021,88,0,30925,Dustin Johnson,6.4,1300.0,204
2021,88,0,24024,Zach Johnson,6.4,1932.9,304
2021,88,0,27974,Sung Kang,6.4,1843.4,288
2021,88,0,39975,Michael Kim,6.4,1343.9,210
2021,88,0,30926,Chris Kirk,6.4,2108.7,332
2021,88,0,29478,Kevin Kisner,6.4,1591.9,247
2021,88,0,33410,Andrew Landry,6.4,1679.0,263
2021,88,0,24781,Hunter Mahan,6.4,1184.8,184
2021,88,0,33413,Ben Martin,6.4,981.8,153
2021,88,0,48822,Sebastián Muñoz,6.4,2073.6,324
2021,88,0,26329,Louis Oosthuizen,6.4,1336.0,210
2021,88,0,33667,Carlos Ortiz,6.4,2179.3,338
2021,88,0,34360,Patrick Reed,6.4,1532.5,241
2021,88,0,37275,Sam Ryder,6.4,1613.1,253
2021,88,0,48081,Xander Schauffele,6.4,1223.1,190
2021,88,0,46046,Scottie Scheffler,6.4,2069.9,325
2021,88,0,27649,Brandt Snedeker,6.4,2018.2,313
2021,88,0,39324,J.J. Spaun,6.4,1418.4,221
2021,88,0,30692,Scott Stallings,6.4,1546.2,240
2021,88,0,25493,Nick Taylor,6.4,2208.8,343
2021,88,0,33448,Justin Thomas,6.4,1504.1,236
2021,88,0,32150,Michael Thompson,6.4,1790.3,278
2021,88,0,32333,Kevin Tway,6.4,1283.7,200
2021,88,0,23623,Bo Van Pelt,6.4,1289.2,201
2021,88,0,25632,Jimmy Walker,6.4,1494.6,233
2021,88,0,32139,Danny Willett,6.4,654.8,102
2021,128,0,28420,Ryan Brehm,6.3,931.6,147
2021,128,0,45609,Tyler Duncan,6.3,1958.4,309
2021,128,0,34099,Harris English,6.3,1551.2,245
2021,128,0,29535,Brice Garnett,6.3,1839.8,290
2021,128,0,19846,Brian Gay,6.3,1783.9,281
2021,128,0,48045,Michael Gellerman,6.3,857.5,136
2021,128,0,28679,Fabián Gómez,6.3,932.7,148
2021,128,0,35310,Lanto Griffin,6.3,1589.2,253
2021,128,0,36801,Mark Hubbard,6.3,2483.8,395
2021,128,0,26300,Matt Jones,6.3,2413.1,386
2021,128,0,37455,Si Woo Kim,6.3,2167.2,345
2021,128,0,32816,Satoshi Kodaira,6.3,1706.1,270
2021,128,0,49766,Hank Lebioda,6.3,1529.5,241
2021,128,0,34466,Peter Malnati,6.3,1836.4,290
2021,128,0,40042,Tyler McCumber,6.3,1338.6,211
2021,128,0,25396,Kevin Na,6.3,1871.2,297
2021,128,0,22056,Cameron Percy,6.3,1873.5,296
2021,128,0,24138,Ian Poulter,6.3,1431.0,226
2021,128,0,34256,Andrew Putnam,6.3,1977.8,314
2021,128,0,26476,Chez Reavie,6.3,1948.1,310
2021,128,0,47347,Adam Schenk,6.3,2120.1,335
2021,128,0,24502,Adam Scott,6.3,1044.0,166
2021,128,0,39953,Chase Seiffert,6.3,1579.7,252
2021,128,0,35891,Cameron Smith,6.3,1587.3,251
2021,128,0,34046,Jordan Spieth,6.3,1899.7,302
2021,128,0,34264,Hudson Swafford,6.3,1587.0,250
2021,128,0,48119,Ben Taylor,6.3,867.7,137
2021,128,0,23325,Vaughn Taylor,6.3,1671.8,265
2021,128,0,33419,Cameron Tringale,6.3,1811.9,287
2021,128,0,47128,Richy Werenski,6.3,2315.3,366
2021,158,0,22371,Aaron Baddeley,6.2,886.3,142
2021,158,0,25686,Jason Dufner,6.2,2130.2,345
2021,158,0,32618,Rhein Gibson,6.2,996.7,160
2021,158,0,49298,Kramer Hickok,6.2,1605.0,260
2021,158,0,33490,Bo Hoag,6.2,1979.3,319
2021,158,0,21961,Charles Howell III,6.2,1235.6,200
2021,158,0,23108,Matt Kuchar,6.2,1109.0,180
2021,158,0,35104,Tom Lewis,6.2,1857.8,299
2021,158,0,46442,Maverick McNealy,6.2,1894.5,307
2021,158,0,50525,Collin Morikawa,6.2,1369.9,221
2021,158,0,45486,Joaquin Niemann,6.2,1962.0,319
2021,158,0,30163,Henrik Norlander,6.2,1939.8,312
2021,158,0,29908,C.T. Pan,6.2,1806.2,292
2021,158,0,25818,Scott Piercy,6.2,3852.6,623
2021,158,0,28252,Seamus Power,6.2,1227.7,199
2021,158,0,53165,Doc Redman,6.2,1812.3,291
2021,158,0,46441,Robby Shelton,6.2,1773.8,287
2021,158,0,34431,Robert Streb,6.2,1872.3,302
2021,158,0,31560,Brian Stuard,6.2,2431.8,392
2021,158,0,30927,Brendon Todd,6.2,1562.4,251
2021,158,0,27095,Nick Watney,6.2,1086.3,176
2021,158,0,32254,Xinjun Zhang,6.2,1202.2,193
2021,180,0,45526,Abraham Ancer,6.1,2021.1,330
2021,180,0,24357,K.J. Choi,6.1,2357.0,389
2021,180,0,33597,Harry Higgs,6.1,1923.3,316
2021,180,0,33122,Russell Knox,6.1,2182.5,359
2021,180,0,28775,Nate Lashley,6.1,1522.9,248
2021,180,0,20396,Lee Westwood,6.1,1201.2,197
2021,180,0,51894,Vince Whaley,6.1,1400.1,230
2021,187,0,19803,Ryan Armour,6.0,1860.1,308
2021,187,0,31557,Jim Herman,6.0,1392.1,232
2021,187,0,27942,Rob Oppenheim,6.0,1578.3,261
2021,187,0,27556,Ted Potter Jr.,6.0,1486.1,248
2021,191,0,40026,Daniel Berger,5.9,1528.3,260
2021,191,0,25900,Lucas Glover,5.9,1800.7,303
2021,191,0,29974,Branden Grace,5.9,2975.7,504
2021,191,0,34213,Grayson Murray,5.9,830.7,141
2021,191,0,27770,Camilo Villegas,5.9,1462.1,246
2021,196,0,23788,D.J. Trahan,5.7,1114.6,195
2020,1,0,32448,James Hahn,7.1,1214.6,171
2020,2,0,45157,Cam Davis,7.0,1052.9,151
2020,3,0,33141,Keegan Bradley,6.9,1243.7,181
2020,3,0,47959,Bryson DeChambeau,6.9,2463.2,359
2020,3,0,29926,Danny Lee,6.9,1475.7,214
2020,3,0,35449,Adam Long,6.9,1778.6,259
2020,3,0,27330,Josh Teater,6.9,1459.4,212
2020,8,0,30911,Tommy Fleetwood,6.8,803.4,118
2020,8,0,32102,Rickie Fowler,6.8,2226.9,328
2020,8,0,27554,Scott Harrington,6.8,1163.5,170
2020,8,0,32757,Patton Kizzire,6.8,1017.0,150
2020,8,0,36689,Brooks Koepka,6.8,900.1,132
2020,8,0,35230,Nelson Ledesma,6.8,570.5,84
2020,8,0,24361,Pat Perez,6.8,2079.7,305
2020,8,0,35732,Wes Roach,6.8,913.6,135
2020,8,0,33486,Roger Sloan,6.8,2112.5,310
2020,8,0,33419,Cameron Tringale,6.8,1529.0,225
2020,8,0,56278,Matthew Wolff,6.8,1527.8,226
2020,19,0,34255,Joseph Bramlett,6.7,676.6,101
2020,19,0,28420,Ryan Brehm,6.7,1173.4,176
2020,19,0,32366,Kevin Chappell,6.7,908.1,135
2020,19,0,51766,Wyndham Clark,6.7,1083.7,162
2020,19,0,32662,Michael Gligic,6.7,933.5,139
2020,19,0,24924,Bill Haas,6.7,786.0,117
2020,19,0,33399,Adam Hadwin,6.7,3268.5,489
2020,19,0,39977,Max Homa,6.7,1409.1,211
2020,19,0,35461,Beau Hossler,6.7,2460.0,369
2020,19,18,46717,Viktor Hovland,6.7,3883.6,584
2020,19,0,35506,Mackenzie Hughes,6.7,1697.4,253
2020,19,0,30944,Jason Kokrak,6.7,2707.1,402
2020,19,0,32640,Troy Merritt,6.7,2985.7,445
2020,19,0,39546,Keith Mitchell,6.7,1072.0,161
2020,19,0,27349,Alex Noren,6.7,2441.4,367
2020,19,0,49771,J.T. Poston,6.7,3155.5,473
2020,19,0,39324,J.J. Spaun,6.7,1077.3,162
2020,19,0,27214,Kevin Streelman,6.7,3116.5,468
2020,19,0,33449,Zack Sucher,6.7,1182.2,177
2020,38,-1,33948,Byeong Hun An,6.6,3401.1,514
2020,38,-1,33404,Chris Baker,6.6,846.8,128
2020,38,-1,40009,Dominic Bozzelli,6.6,970.5,147
2020,38,-1,47504,Sam Burns,6.6,2742.5,418
2020,38,-1,34021,Bud Cauley,6.6,2890.2,440
2020,38,-1,39997,Corey Conners,6.6,1360.9,205
2020,38,-1,28307,Matt Every,6.6,911.3,138
2020,38,-1,29970,Dylan Frittelli,6.6,1574.9,237
2020,38,-1,32618,Rhein Gibson,6.6,714.2,109
2020,38,-1,56762,Will Gordon,6.6,472.8,72
2020,38,-1,27974,Sung Kang,6.6,1299.6,197
2020,38,-1,27936,Martin Laird,6.6,671.1,102
2020,38,-1,27129,Luke List,6.6,1286.9,196
2020,38,-1,40042,Tyler McCumber,6.6,1162.4,175
2020,38,-1,1810,Phil Mickelson,6.6,858.0,130
2020,38,-1,46970,Jon Rahm,6.6,1423.0,215
2020,38,-1,37275,Sam Ryder,6.6,1336.6,203
2020,38,-1,29221,Webb Simpson,6.6,2590.0,391
2020,38,-1,29518,Brendan Steele,6.6,2237.8,338
2020,38,-1,48119,Ben Taylor,6.6,604.1,92
2020,38,-1,25493,Nick Taylor,6.6,2333.0,356
2020,38,-1,23623,Bo Van Pelt,6.6,1748.0,265
2020,38,-1,32139,Danny Willett,6.6,783.0,118
2020,38,-1,49964,Aaron Wise,6.6,743.5,113
2020,62,3,33120,Mark Anderson,6.5,700.4,108
2020,62,3,29268,Bronson Burgoon,6.5,1752.3,270
2020,62,3,52372,Cameron Champ,6.5,1356.6,208
2020,62,3,20229,Stewart Cink,6.5,1191.0,182
2020,62,3,46435,Austin Cook,6.5,2476.5,379
2020,62,-25,34099,Harris English,6.5,1690.8,259
2020,62,3,29535,Brice Garnett,6.5,1028.7,159
2020,62,3,31646,Emiliano Grillo,6.5,1077.4,167
2020,62,3,34563,Chesson Hadley,6.5,913.8,140
2020,62,3,33597,Harry Higgs,6.5,1755.6,269
2020,62,3,29420,Billy Horschel,6.5,1549.5,239
2020,62,3,39971,Sungjae Im,6.5,4277.2,655
2020,62,3,49766,Hank Lebioda,6.5,928.2,142
2020,62,3,34466,Peter Malnati,6.5,2525.1,388
2020,62,3,33413,Ben Martin,6.5,768.6,118
2020,62,3,28237,Rory McIlroy,6.5,1360.8,208
2020,62,3,50525,Collin Morikawa,6.5,1613.7,249
2020,62,3,36871,Matt NeSmith,6.5,1106.3,170
2020,62,3,23320,Ryan Palmer,6.5,1422.9,220
2020,62,3,53165,Doc Redman,6.5,1663.6,254
2020,62,3,36699,Patrick Rodgers,6.5,1733.9,265
2020,62,3,22405,Justin Rose,6.5,1903.7,291
2020,62,3,46046,Scottie Scheffler,6.5,1737.4,268
2020,62,3,23325,Vaughn Taylor,6.5,1940.0,297
2020,62,3,32150,Michael Thompson,6.5,1504.8,230
2020,62,3,27064,Jhonattan Vegas,6.5,1404.2,215
2020,62,3,35658,Kris Ventura,6.5,890.8,138
2020,62,3,48887,Matt Wallace,6.5,2275.3,351
2020,62,3,27095,Nick Watney,6.5,850.6,131
2020,62,3,51894,Vince Whaley,6.5,976.7,150
2020,92,5,21407,Arjun Atwal,6.4,540.7,85
2020,92,5,22371,Aaron Baddeley,6.4,1043.1,164
2020,92,5,29479,Scott Brown,6.4,1147.4,180
2020,92,5,35450,Patrick Cantlay,6.4,2247.2,352
2020,92,5,34314,Sebastian Cappelen,6.4,846.5,132
2020,92,5,28089,Jason Day,6.4,918.7,143
2020,92,5,45609,Tyler Duncan,6.4,3260.8,513
2020,92,5,29725,Tony Finau,6.4,1400.8,218
2020,92,5,21209,Sergio Garcia,6.4,707.0,111
2020,92,5,52375,Doug Ghim,6.4,596.4,93
2020,92,5,34098,Russell Henley,6.4,1420.0,222
2020,92,5,12716,Charley Hoffman,6.4,2583.7,403
2020,92,5,35532,Tom Hoge,6.4,1487.3,232
2020,92,-27,30925,Dustin Johnson,6.4,982.6,153
2020,92,5,24024,Zach Johnson,6.4,2345.7,365
2020,92,5,26300,Matt Jones,6.4,3336.4,520
2020,92,5,33410,Andrew Landry,6.4,2917.5,459
2020,92,5,32839,Hideki Matsuyama,6.4,1565.5,245
2020,92,5,47993,Denny McCarthy,6.4,2789.9,433
2020,92,5,27556,Ted Potter Jr.,6.4,877.2,138
2020,92,5,47347,Adam Schenk,6.4,1213.3,190
2020,92,5,24502,Adam Scott,6.4,764.8,119
2020,92,5,39953,Chase Seiffert,6.4,1498.0,234
2020,92,5,27649,Brandt Snedeker,6.4,2626.0,413
2020,92,5,34431,Robert Streb,6.4,1235.7,192
2020,92,5,37189,Harold Varner III,6.4,2842.6,447
2020,92,5,25632,Jimmy Walker,6.4,1778.4,279
2020,92,5,25804,Bubba Watson,6.4,3197.9,496
2020,92,5,47128,Richy Werenski,6.4,1175.1,184
2020,92,5,31323,Gary Woodland,6.4,986.4,153
2020,92,5,32254,Xinjun Zhang,6.4,1412.2,222
2020,123,4,40058,Zac Blair,6.3,2581.7,410
2020,123,4,25364,Paul Casey,6.3,1010.6,160
2020,123,4,34076,Joel Dahmen,6.3,3413.7,546
2020,123,4,19846,Brian Gay,6.3,1335.3,212
2020,123,4,48045,Michael Gellerman,6.3,594.3,94
2020,123,4,46550,Brandon Hagy,6.3,811.5,129
2020,123,4,27644,Brian Harman,6.3,3809.3,600
2020,123,30,34363,Tyrrell Hatton,6.3,949.6,151
2020,123,4,26758,David Hearn,6.3,863.4,136
2020,123,4,49298,Kramer Hickok,6.3,1338.4,211
2020,123,4,29478,Kevin Kisner,6.3,2744.9,434
2020,123,4,33122,Russell Knox,6.3,1159.4,183
2020,123,4,32791,K.H. Lee,6.3,1354.4,214
2020,123,4,48822,Sebastián Muñoz,6.3,2371.4,377
2020,123,4,34213,Grayson Murray,6.3,1306.2,206
2020,123,4,25396,Kevin Na,6.3,2323.2,367
2020,123,4,26329,Louis Oosthuizen,6.3,2311.6,366
2020,123,4,33667,Carlos Ortiz,6.3,2808.1,445
2020,123,4,23621,Rory Sabbatini,6.3,2918.0,461
2020,123,4,46441,Robby Shelton,6.3,1385.5,219
2020,123,4,34046,Jordan Spieth,6.3,2603.6,413
2020,123,4,30692,Scott Stallings,6.3,963.5,154
2020,123,4,49960,Sepp Straka,6.3,1305.7,208
2020,123,4,27963,Chris Stroud,6.3,1959.1,309
2020,123,4,35617,Martin Trainer,6.3,768.0,121
2020,123,4,25349,Tim Wilkinson,6.3,1518.1,241
2020,149,4,45526,Abraham Ancer,6.2,2943.6,473
2020,149,4,25686,Jason Dufner,6.2,2871.6,466
2020,149,4,40098,Matt Fitzpatrick,6.2,2588.8,417
2020,149,4,28679,Fabián Gómez,6.2,847.7,136
2020,149,4,46402,Talor Gooch,6.2,1356.8,218
2020,149,4,36801,Mark Hubbard,6.2,2948.9,473
2020,149,4,37455,Si Woo Kim,6.2,1486.0,240
2020,149,4,23108,Matt Kuchar,6.2,2594.0,416
2020,149,4,31420,Anirban Lahiri,6.2,444.2,72
2020,149,4,28775,Nate Lashley,6.2,1856.9,300
2020,149,4,33204,Shane Lowry,6.2,1876.6,303
2020,149,4,30163,Henrik Norlander,6.2,1091.6,175
2020,149,4,22056,Cameron Percy,6.2,1325.7,215
2020,149,4,34256,Andrew Putnam,6.2,661.7,107
2020,149,4,26476,Chez Reavie,6.2,2837.9,460
2020,149,4,48081,Xander Schauffele,6.2,1442.0,232
2020,149,4,35891,Cameron Smith,6.2,2599.5,417
2020,149,4,30927,Brendon Todd,6.2,2993.3,485
2020,149,4,23788,D.J. Trahan,6.2,634.6,103
2020,149,4,32333,Kevin Tway,6.2,1308.3,211
2020,169,5,40026,Daniel Berger,6.1,2713.3,445
2020,169,5,26499,Rafa Cabrera Bello,6.1,2127.1,351
2020,169,5,33490,Bo Hoag,6.1,1706.5,281
2020,169,5,29908,C.T. Pan,6.1,2445.7,401
2020,169,5,25818,Scott Piercy,6.1,2436.6,397
2020,169,5,34360,Patrick Reed,6.1,1482.9,243
2020,169,5,30110,Kyle Stanley,6.1,1014.8,166
2020,169,5,31560,Brian Stuard,6.1,3030.5,498
2020,169,5,33448,Justin Thomas,6.1,1057.1,173
2020,169,5,29484,Peter Uihlein,6.1,1015.1,166
2020,179,8,19803,Ryan Armour,6.0,2255.8,377
2020,179,8,29974,Branden Grace,6.0,1766.4,295
2020,179,8,35310,Lanto Griffin,6.0,1938.4,322
2020,179,8,31557,Jim Herman,6.0,1686.9,283
2020,179,8,21961,Charles Howell III,6.0,2146.0,360
2020,179,-5,26851,Marc Leishman,6.0,886.7,147
2020,179,8,25572,Graeme McDowell,6.0,1579.8,262
2020,179,8,26596,Ryan Moore,6.0,859.1,143
2020,179,8,24138,Ian Poulter,6.0,965.0,160
2020,179,8,28252,Seamus Power,6.0,536.0,90
2020,189,7,25900,Lucas Glover,5.9,2127.4,359
2020,189,7,46442,Maverick McNealy,5.9,2062.7,347
2020,189,7,27942,Rob Oppenheim,5.9,992.0,167
2020,192,7,10809,Jim Furyk,5.8,1617.6,277
2020,192,7,45486,Joaquin Niemann,5.8,1203.3,206
2019,1,0,47959,Bryson DeChambeau,7.2,423.6,59
2019,2,0,33141,Keegan Bradley,6.9,419.5,61
2019,2,0,45157,Cam Davis,6.9,684.3,99
2019,2,0,1810,Phil Mickelson,6.9,152.9,22
2019,2,0,33419,Cameron Tringale,6.9,858.8,125
2019,2,0,31323,Gary Woodland,6.9,422.4,61
2019,7,0,24924,Bill Haas,6.8,716.6,106
2019,7,0,30925,Dustin Johnson,6.8,283.8,42
2019,7,0,36689,Brooks Koepka,6.8,568.2,83
2019,7,0,32640,Troy Merritt,6.8,594.1,88
2019,7,0,27349,Alex Noren,6.8,415.0,61
2019,7,0,30946,Alex Prugh,6.8,682.6,101
2019,13,0,33948,Byeong Hun An,6.7,482.9,72
2019,13,0,28089,Jason Day,6.7,260.5,39
2019,13,0,34099,Harris English,6.7,835.0,125
2019,13,0,21209,Sergio Garcia,6.7,293.3,44
2019,13,0,36799,Stephan Jaeger,6.7,603.7,90
2019,13,0,30944,Jason Kokrak,6.7,586.4,88
2019,13,0,32839,Hideki Matsuyama,6.7,578.3,86
2019,13,0,28237,Rory McIlroy,6.7,300.9,45
2019,13,0,39546,Keith Mitchell,6.7,613.0,92
2019,13,0,24361,Pat Perez,6.7,377.8,56
2019,13,0,46970,Jon Rahm,6.7,186.9,28
2019,13,0,48081,Xander Schauffele,6.7,194.4,29
2019,13,0,33486,Roger Sloan,6.7,858.3,129
2019,26,0,24925,Jonathan Byrd,6.6,402.2,61
2019,26,0,29970,Dylan Frittelli,6.6,882.2,133
2019,26,0,46523,Joey Garber,6.6,682.5,103
2019,26,0,19846,Brian Gay,6.6,557.1,85
2019,26,0,27141,J.B. Holmes,6.6,416.2,63
2019,26,0,27974,Sung Kang,6.6,466.3,71
2019,26,0,32757,Patton Kizzire,6.6,497.5,75
2019,26,0,29926,Danny Lee,6.6,767.2,117
2019,26,0,25572,Graeme McDowell,6.6,391.8,59
2019,26,0,46601,Trey Mullinax,6.6,848.7,128
2019,26,0,36699,Patrick Rodgers,6.6,249.3,38
2019,26,0,47347,Adam Schenk,6.6,919.5,140
2019,26,0,24502,Adam Scott,6.6,145.0,22
2019,26,0,39324,J.J. Spaun,6.6,714.8,108
2019,26,0,29518,Brendan Steele,6.6,879.5,134
2019,26,0,34264,Hudson Swafford,6.6,499.7,76
2019,26,0,23325,Vaughn Taylor,6.6,704.1,106
2019,26,0,37340,Chase Wright,6.6,741.2,112
2019,44,0,30978,Kiradech Aphibarnrat,6.5,278.3,43
2019,44,0,47504,Sam Burns,6.5,825.6,128
2019,44,0,35450,Patrick Cantlay,6.5,317.1,49
2019,44,0,51766,Wyndham Clark,6.5,676.0,104
2019,44,0,30191,Julián Etulain,6.5,431.6,66
2019,44,0,33399,Adam Hadwin,6.5,491.0,75
2019,44,0,37455,Si Woo Kim,6.5,497.5,76
2019,44,0,29478,Kevin Kisner,6.5,555.9,85
2019,44,0,49766,Hank Lebioda,6.5,642.3,99
2019,44,0,27129,Luke List,6.5,529.0,81
2019,44,0,35449,Adam Long,6.5,661.0,101
2019,44,0,34466,Peter Malnati,6.5,1085.9,168
2019,44,0,47993,Denny McCarthy,6.5,680.4,105
2019,44,0,25198,Francesco Molinari,6.5,330.3,51
2019,44,0,48822,Sebastián Muñoz,6.5,716.1,110
2019,44,0,35732,Wes Roach,6.5,672.9,103
2019,44,0,29223,Sam Saunders,6.5,704.9,108
2019,44,0,30692,Scott Stallings,6.5,710.0,110
2019,44,0,49960,Sepp Straka,6.5,696.9,107
2019,44,0,31560,Brian Stuard,6.5,532.1,82
2019,64,0,27895,Jonas Blixt,6.4,822.4,129
2019,64,0,29479,Scott Brown,6.4,934.4,145
2019,64,0,26499,Rafa Cabrera Bello,6.4,257.7,40
2019,64,0,32200,Roberto Castro,6.4,825.7,129
2019,64,0,34021,Bud Cauley,6.4,834.5,131
2019,64,0,39997,Corey Conners,6.4,603.6,95
2019,64,0,46435,Austin Cook,6.4,606.2,95
2019,64,0,45609,Tyler Duncan,6.4,869.6,136
2019,64,0,29725,Tony Finau,6.4,560.2,87
2019,64,0,32102,Rickie Fowler,6.4,387.8,61
2019,64,0,46402,Talor Gooch,6.4,558.9,87
2019,64,0,34363,Tyrrell Hatton,6.4,218.0,34
2019,64,0,26758,David Hearn,6.4,389.9,61
2019,64,0,49298,Kramer Hickok,6.4,749.5,117
2019,64,0,35532,Tom Hoge,6.4,960.7,150
2019,64,0,29420,Billy Horschel,6.4,502.5,78
2019,64,0,35461,Beau Hossler,6.4,870.2,136
2019,64,0,39971,Sungjae Im,6.4,1238.2,194
2019,64,0,36852,Jim Knous,6.4,443.0,69
2019,64,0,27936,Martin Laird,6.4,923.1,145
2019,64,0,24781,Hunter Mahan,6.4,475.8,74
2019,64,0,33667,Carlos Ortiz,6.4,762.4,120
2019,64,0,46501,Ollie Schniederjans,6.4,553.6,87
2019,64,0,27649,Brandt Snedeker,6.4,658.2,103
2019,64,0,27214,Kevin Streelman,6.4,711.9,112
2019,64,0,27330,Josh Teater,6.4,767.4,120
2019,64,0,33448,Justin Thomas,6.4,362.8,57
2019,64,0,32150,Michael Thompson,6.4,670.0,104
2019,64,0,35617,Martin Trainer,6.4,628.7,98
2019,64,0,27064,Jhonattan Vegas,6.4,407.3,64
2019,64,0,27095,Nick Watney,6.4,750.9,118
2019,64,0,32139,Danny Willett,6.4,204.1,32
2019,64,0,49964,Aaron Wise,6.4,408.2,64
2019,97,0,28259,Sangmoon Bae,6.3,567.5,90
2019,97,0,27958,Ryan Blaum,6.3,811.7,129
2019,97,0,40009,Dominic Bozzelli,6.3,532.8,84
2019,97,0,29268,Bronson Burgoon,6.3,557.9,89
2019,97,0,25364,Paul Casey,6.3,293.9,47
2019,97,0,52372,Cameron Champ,6.3,501.1,80
2019,97,0,34076,Joel Dahmen,6.3,593.3,94
2019,97,0,25686,Jason Dufner,6.3,551.3,88
2019,97,0,30911,Tommy Fleetwood,6.3,265.1,42
2019,97,0,29535,Brice Garnett,6.3,825.4,131
2019,97,0,31646,Emiliano Grillo,6.3,461.0,73
2019,97,0,34563,Chesson Hadley,6.3,487.5,77
2019,97,0,35421,Brandon Harkins,6.3,798.7,127
2019,97,0,23353,J.J. Henry,6.3,559.4,89
2019,97,0,12716,Charley Hoffman,6.3,473.6,75
2019,97,0,21961,Charles Howell III,6.3,568.9,90
2019,97,0,35506,Mackenzie Hughes,6.3,940.0,149
2019,97,0,47990,Kyle Jones,6.3,797.6,127
2019,97,0,26300,Matt Jones,6.3,596.4,94
2019,97,0,33410,Andrew Landry,6.3,697.3,111
2019,97,0,26329,Louis Oosthuizen,6.3,212.9,34
2019,97,0,23320,Ryan Palmer,6.3,550.5,88
2019,97,0,49771,J.T. Poston,6.3,786.2,124
2019,97,0,22405,Justin Rose,6.3,227.7,36
2019,97,0,37275,Sam Ryder,6.3,727.2,116
2019,97,0,39327,Ben Silverman,6.3,826.1,132
2019,97,0,29221,Webb Simpson,6.3,379.4,60
2019,97,0,33418,Shawn Stefani,6.3,525.7,83
2019,97,0,27963,Chris Stroud,6.3,641.6,102
2019,97,0,25493,Nick Taylor,6.3,916.7,146
2019,97,0,29484,Peter Uihlein,6.3,549.7,87
2019,128,0,45526,Abraham Ancer,6.2,547.4,89
2019,128,0,22371,Aaron Baddeley,6.2,367.3,59
2019,128,0,40026,Daniel Berger,6.2,726.8,118
2019,128,0,34306,John Chin,6.2,352.5,57
2019,128,0,25900,Lucas Glover,6.2,650.6,105
2019,128,0,28679,Fabián Gómez,6.2,702.9,114
2019,128,0,39954,Cody Gribble,6.2,615.1,99
2019,128,0,27644,Brian Harman,6.2,664.0,107
2019,128,0,24024,Zach Johnson,6.2,453.2,73
2019,128,0,37454,Whee Kim,6.2,568.7,91
2019,128,0,33122,Russell Knox,6.2,541.5,87
2019,128,0,32816,Satoshi Kodaira,6.2,384.1,62
2019,128,0,23108,Matt Kuchar,6.2,383.6,62
2019,128,0,28775,Nate Lashley,6.2,639.8,103
2019,128,0,37380,Curtis Luck,6.2,600.1,97
2019,128,0,25818,Scott Piercy,6.2,448.2,72
2019,128,0,26476,Chez Reavie,6.2,458.2,74
2019,128,0,23621,Rory Sabbatini,6.2,750.8,122
2019,128,0,35891,Cameron Smith,6.2,315.4,51
2019,128,0,21528,Henrik Stenson,6.2,118.7,19
2019,128,0,40115,Adam Svensson,6.2,614.3,99
2019,128,0,37189,Harold Varner III,6.2,497.6,80
2019,128,0,47128,Richy Werenski,6.2,934.4,151
2019,151,0,6522,Ernie Els,6.1,239.5,39
2019,151,0,40098,Matt Fitzpatrick,6.1,273.3,45
2019,151,0,29974,Branden Grace,6.1,288.0,47
2019,151,0,39977,Max Homa,6.1,584.4,96
2019,151,0,39975,Michael Kim,6.1,402.3,66
2019,151,0,32791,K.H. Lee,6.1,837.6,138
2019,151,0,26851,Marc Leishman,6.1,298.1,49
2019,151,0,45486,Joaquin Niemann,6.1,932.8,153
2019,151,0,29908,C.T. Pan,6.1,344.9,57
2019,151,0,27556,Ted Potter Jr.,6.1,669.7,110
2019,151,0,34360,Patrick Reed,6.1,625.1,102
2019,151,0,34431,Robert Streb,6.1,617.7,101
2019,151,0,32333,Kevin Tway,6.1,502.7,83
2019,151,0,26951,Johnson Wagner,6.1,453.0,74
2019,151,0,25632,Jimmy Walker,6.1,627.0,103
2019,151,0,25804,Bubba Watson,6.1,215.0,35
2019,167,0,20472,Alex Cejka,6.0,380.0,63
2019,167,0,35376,Roberto Díaz,6.0,701.3,116
2019,167,0,31557,Jim Herman,6.0,422.9,70
2019,167,0,35879,Kelly Kraft,6.0,646.1,108
2019,167,0,31420,Anirban Lahiri,6.0,677.8,113
2019,167,0,25396,Kevin Na,6.0,238.5,40
2019,167,0,20572,Rod Pampling,6.0,566.0,94
2019,167,0,34256,Andrew Putnam,6.0,306.7,51
2019,167,0,30786,Brady Schnell,6.0,463.6,77
2019,167,0,34046,Jordan Spieth,6.0,353.2,59
2019,177,0,19803,Ryan Armour,5.9,678.9,116
2019,177,0,10809,Jim Furyk,5.9,416.5,70
2019,177,0,34098,Russell Henley,5.9,649.5,110
2019,177,0,26596,Ryan Moore,5.9,743.2,127
2019,177,0,24138,Ian Poulter,5.9,241.0,41
2019,177,0,47856,Seth Reeves,5.9,502.1,85
2019,177,0,32058,José de Jesús Rodríguez,5.9,501.9,85
2019,177,0,30110,Kyle Stanley,5.9,588.2,99
2019,185,0,49303,Anders Albertson,5.8,657.6,113
2019,185,0,21731,Freddie Jacobson,5.8,541.6,94
2019,185,0,34261,Scott Langley,5.8,624.8,107
2019,185,0,28252,Seamus Power,5.8,686.8,118
2018,1,0,31323,Gary Woodland,7.0,375.7,54
2018,2,0,33948,Byeong Hun An,6.9,385.2,56
2018,2,0,33141,Keegan Bradley,6.9,488.8,71
2018,2,0,34363,Tyrrell Hatton,6.9,200.1,29
2018,2,0,36799,Stephan Jaeger,6.9,378.9,55
2018,2,0,27129,Luke List,6.9,461.7,67
2018,7,0,27958,Ryan Blaum,6.8,424.6,62
2018,7,0,50526,Tom Lovelady,6.8,421.7,62
2018,7,0,1810,Phil Mickelson,6.8,325.6,48
2018,7,0,46601,Trey Mullinax,6.8,331.3,49
2018,11,0,20472,Alex Cejka,6.7,369.8,55
2018,11,0,32366,Kevin Chappell,6.7,335.0,50
2018,11,0,34076,Joel Dahmen,6.7,456.8,68
2018,11,0,30911,Tommy Fleetwood,6.7,288.6,43
2018,11,0,32448,James Hahn,6.7,410.6,61
2018,11,0,27141,J.B. Holmes,6.7,381.7,57
2018,11,0,29420,Billy Horschel,6.7,465.5,70
2018,11,0,30925,Dustin Johnson,6.7,286.1,43
2018,11,0,30944,Jason Kokrak,6.7,527.7,79
2018,11,0,29926,Danny Lee,6.7,431.5,64
2018,11,0,27349,Alex Noren,6.7,240.3,36
2018,11,0,24140,Sean O'Hair,6.7,321.4,48
2018,11,0,46970,Jon Rahm,6.7,262.2,39
2018,11,0,48081,Xander Schauffele,6.7,395.6,59
2018,11,0,35891,Cameron Smith,6.7,302.3,45
2018,26,0,34021,Bud Cauley,6.6,244.4,37
2018,26,0,47959,Bryson DeChambeau,6.6,388.8,59
2018,26,0,24924,Bill Haas,6.6,310.2,47
2018,26,0,35421,Brandon Harkins,6.6,447.8,68
2018,26,0,26758,David Hearn,6.6,296.8,45
2018,26,0,23353,J.J. Henry,6.6,344.2,52
2018,26,0,33204,Shane Lowry,6.6,275.2,42
2018,26,0,32839,Hideki Matsuyama,6.6,269.0,41
2018,26,0,25198,Francesco Molinari,6.6,292.2,44
2018,26,0,29908,C.T. Pan,6.6,451.1,68
2018,26,0,32150,Michael Thompson,6.6,350.9,53
2018,26,0,29484,Peter Uihlein,6.6,321.1,49
2018,26,0,37189,Harold Varner III,6.6,444.8,67
2018,26,0,49964,Aaron Wise,6.6,421.5,64
2018,40,0,47125,Matt Atkins,6.5,232.8,36
2018,40,0,29268,Bronson Burgoon,6.5,310.5,48
2018,40,0,35450,Patrick Cantlay,6.5,362.4,56
2018,40,0,46435,Austin Cook,6.5,518.9,80
2018,40,0,34099,Harris English,6.5,415.5,64
2018,40,0,32102,Rickie Fowler,6.5,265.5,41
2018,40,0,24358,Robert Garrigus,6.5,379.0,58
2018,40,0,39954,Cody Gribble,6.5,285.2,44
2018,40,0,33399,Adam Hadwin,6.5,340.0,52
2018,40,0,12716,Charley Hoffman,6.5,349.8,54
2018,40,0,35532,Tom Hoge,6.5,514.3,79
2018,40,0,35506,Mackenzie Hughes,6.5,407.8,63
2018,40,0,36689,Brooks Koepka,6.5,278.0,43
2018,40,0,27936,Martin Laird,6.5,342.8,53
2018,40,0,26851,Marc Leishman,6.5,370.0,57
2018,40,0,24781,Hunter Mahan,6.5,320.8,49
2018,40,0,39546,Keith Mitchell,6.5,449.9,69
2018,40,0,26329,Louis Oosthuizen,6.5,267.1,41
2018,40,0,24361,Pat Perez,6.5,260.2,40
2018,40,0,36699,Patrick Rodgers,6.5,357.3,55
2018,40,0,23621,Rory Sabbatini,6.5,451.5,69
2018,40,0,29223,Sam Saunders,6.5,357.7,55
2018,40,0,47347,Adam Schenk,6.5,415.8,64
2018,40,0,24502,Adam Scott,6.5,323.1,50
2018,40,0,30110,Kyle Stanley,6.5,374.4,58
2018,40,0,21528,Henrik Stenson,6.5,103.7,16
2018,40,0,34264,Hudson Swafford,6.5,287.3,44
2018,40,0,25804,Bubba Watson,6.5,346.8,53
2018,68,0,45526,Abraham Ancer,6.4,512.4,80
2018,68,0,40026,Daniel Berger,6.4,340.3,53
2018,68,0,40058,Zac Blair,6.4,275.2,43
2018,68,0,27895,Jonas Blixt,6.4,293.1,46
2018,68,0,24925,Jonathan Byrd,6.4,274.6,43
2018,68,0,25364,Paul Casey,6.4,216.7,34
2018,68,0,39997,Corey Conners,6.4,489.8,76
2018,68,0,28089,Jason Day,6.4,254.5,40
2018,68,0,29725,Tony Finau,6.4,431.5,67
2018,68,0,19846,Brian Gay,6.4,509.6,80
2018,68,0,20157,Retief Goosen,6.4,237.0,37
2018,68,0,31646,Emiliano Grillo,6.4,433.3,68
2018,68,0,26300,Matt Jones,6.4,262.5,41
2018,68,0,37454,Whee Kim,6.4,365.9,57
2018,68,0,29478,Kevin Kisner,6.4,366.0,57
2018,68,0,35879,Kelly Kraft,6.4,430.7,67
2018,68,0,29461,Jamie Lovemark,6.4,426.1,67
2018,68,0,34466,Peter Malnati,6.4,434.4,68
2018,68,0,33413,Ben Martin,6.4,356.6,56
2018,68,0,47993,Denny McCarthy,6.4,262.2,41
2018,68,0,28237,Rory McIlroy,6.4,242.4,38
2018,68,0,32640,Troy Merritt,6.4,430.9,67
2018,68,0,34213,Grayson Murray,6.4,337.7,53
2018,68,0,25240,D.A. Points,6.4,256.2,40
2018,68,0,34256,Andrew Putnam,6.4,438.2,68
2018,68,0,22405,Justin Rose,6.4,249.3,39
2018,68,0,39328,Conrad Shindler,6.4,184.6,29
2018,68,0,29221,Webb Simpson,6.4,444.7,69
2018,68,0,39324,J.J. Spaun,6.4,380.1,59
2018,68,0,29518,Brendan Steele,6.4,281.6,44
2018,68,0,27214,Kevin Streelman,6.4,476.7,74
2018,68,0,33448,Justin Thomas,6.4,332.7,52
2018,68,0,27095,Nick Watney,6.4,482.1,75
2018,68,0,47128,Richy Werenski,6.4,415.7,65
2018,102,0,30978,Kiradech Aphibarnrat,6.3,169.7,27
2018,102,0,35545,Blayne Barber,6.3,319.5,51
2018,102,0,40009,Dominic Bozzelli,6.3,335.2,53
2018,102,0,29479,Scott Brown,6.3,428.0,68
2018,102,0,20229,Stewart Cink,6.3,398.2,63
2018,102,0,25686,Jason Dufner,6.3,270.4,43
2018,102,0,28307,Matt Every,6.3,333.1,53
2018,102,0,25900,Lucas Glover,6.3,257.6,41
2018,102,0,34563,Chesson Hadley,6.3,502.7,80
2018,102,0,27644,Brian Harman,6.3,357.5,57
2018,102,0,35461,Beau Hossler,6.3,489.4,78
2018,102,0,39975,Michael Kim,6.3,292.0,46
2018,102,0,32757,Patton Kizzire,6.3,430.2,68
2018,102,0,32816,Satoshi Kodaira,6.3,165.0,26
2018,102,0,31420,Anirban Lahiri,6.3,388.0,62
2018,102,0,33410,Andrew Landry,6.3,411.7,65
2018,102,0,28775,Nate Lashley,6.3,209.2,33
2018,102,0,34409,David Lingmerth,6.3,392.7,62
2018,102,0,25396,Kevin Na,6.3,376.4,60
2018,102,0,32876,Martin Piller,6.3,386.5,61
2018,102,0,27556,Ted Potter Jr.,6.3,433.1,69
2018,102,0,34360,Patrick Reed,6.3,319.8,51
2018,102,0,39327,Ben Silverman,6.3,417.7,66
2018,102,0,27649,Brandt Snedeker,6.3,373.1,59
2018,102,0,34046,Jordan Spieth,6.3,361.5,57
2018,102,0,33418,Shawn Stefani,6.3,319.8,51
2018,102,0,31560,Brian Stuard,6.3,494.9,79
2018,102,0,25493,Nick Taylor,6.3,420.9,67
2018,102,0,33419,Cameron Tringale,6.3,289.6,46
2018,102,0,26951,Johnson Wagner,6.3,289.7,46
2018,102,0,25632,Jimmy Walker,6.3,308.5,49
2018,102,0,25892,Steve Wheatcroft,6.3,256.5,41
2018,102,0,32254,Xinjun Zhang,6.3,303.0,48
2018,135,0,22371,Aaron Baddeley,6.2,372.9,60
2018,135,0,23541,Ben Crane,6.2,270.9,44
2018,135,0,37338,Zecheng Dou,6.2,191.8,31
2018,135,0,45609,Tyler Duncan,6.2,402.8,65
2018,135,0,28500,Martin Flores,6.2,394.0,64
2018,135,0,46402,Talor Gooch,6.2,289.5,47
2018,135,0,21961,Charles Howell III,6.2,408.2,66
2018,135,0,24024,Zach Johnson,6.2,370.0,60
2018,135,0,23108,Matt Kuchar,6.2,345.8,56
2018,135,0,25572,Graeme McDowell,6.2,255.0,41
2018,135,0,31202,William McGirt,6.2,435.4,70
2018,135,0,27942,Rob Oppenheim,6.2,302.6,49
2018,135,0,23320,Ryan Palmer,6.2,323.3,52
2018,135,0,22056,Cameron Percy,6.2,235.0,38
2018,135,0,37275,Sam Ryder,6.2,359.7,58
2018,135,0,30692,Scott Stallings,6.2,443.2,72
2018,135,0,34431,Robert Streb,6.2,346.1,56
2018,135,0,27963,Chris Stroud,6.2,311.2,50
2018,135,0,23325,Vaughn Taylor,6.2,417.5,67
2018,135,0,27064,Jhonattan Vegas,6.2,315.7,51
2018,135,0,8793,Tiger Woods,6.2,236.4,38
2018,135,0,35544,Andrew Yun,6.2,178.9,29
2018,157,0,19803,Ryan Armour,6.1,544.5,89
2018,157,0,26499,Rafa Cabrera Bello,6.1,226.4,37
2018,157,0,20593,Greg Chalmers,6.1,242.4,40
2018,157,0,29535,Brice Garnett,6.1,407.5,67
2018,157,0,29222,Billy Hurley III,6.1,337.2,55
2018,157,0,27974,Sung Kang,6.1,316.7,52
2018,157,0,37455,Si Woo Kim,6.1,406.3,67
2018,157,0,30926,Chris Kirk,6.1,542.8,89
2018,157,0,33122,Russell Knox,6.1,397.2,65
2018,157,0,26596,Ryan Moore,6.1,357.9,59
2018,157,0,25818,Scott Piercy,6.1,300.7,49
2018,157,0,49771,J.T. Poston,6.1,343.2,56
2018,157,0,24138,Ian Poulter,6.1,250.5,41
2018,157,0,26476,Chez Reavie,6.1,269.7,44
2018,157,0,26331,Charl Schwartzel,6.1,189.7,31
2018,157,0,29485,Brett Stegmaier,6.1,267.3,44
2018,157,0,47287,Ethan Tracy,6.1,275.1,45
2018,157,0,32333,Kevin Tway,6.1,443.0,73
2018,175,0,10809,Jim Furyk,6.0,197.4,33
2018,175,0,28679,Fabián Gómez,6.0,372.8,62
2018,175,0,34098,Russell Henley,6.0,259.9,43
2018,175,0,34174,John Huh,6.0,433.2,72
2018,175,0,34358,Jonathan Randolph,6.0,354.0,59
2018,175,0,46501,Ollie Schniederjans,6.0,359.8,60
2018,175,0,28132,Tyrone Van Aswegen,6.0,405.1,68
2018,182,0,48084,Wesley Bryan,5.9,225.5,38
2018,182,0,35376,Roberto Díaz,5.9,307.0,52
2018,182,0,31416,Derek Fathauer,5.9,350.5,59
2018,182,0,29974,Branden Grace,5.9,188.1,32
2018,182,0,37278,Nicholas Lindheim,5.9,299.3,51
2018,182,0,20572,Rod Pampling,5.9,252.1,43
2018,182,0,28252,Seamus Power,5.9,353.5,60
2018,182,0,22582,Kyle Thompson,5.9,193.3,33
2018,190,0,12510,Chad Campbell,5.8,278.3,48
2018,191,0,24846,Ricky Barnes,5.5,179.9,33
2018,191,0,35310,Lanto Griffin,5.5,269.2,49
2018,191,0,25834,Daniel Summerhays,5.5,187.9,34
2017,1,0,27129,Luke List,6.9,479.1,69
2017,2,0,33141,Keegan Bradley,6.8,485.2,71
2017,2,0,29725,Tony Finau,6.8,522.2,77
2017,2,0,24924,Bill Haas,6.8,372.2,55
2017,2,0,27141,J.B. Holmes,6.8,273.0,40
2017,2,0,29926,Danny Lee,6.8,423.2,62
2017,2,0,33204,Shane Lowry,6.8,142.2,21
2017,2,0,23497,Tag Ridings,6.8,271.7,40
2017,9,0,32448,James Hahn,6.7,451.3,67
2017,9,0,27974,Sung Kang,6.7,413.3,62
2017,9,0,46440,Smylie Kaufman,6.7,380.3,57
2017,9,0,35300,Andrew Loupe,6.7,268.2,40
2017,9,0,29461,Jamie Lovemark,6.7,382.3,57
2017,9,0,48081,Xander Schauffele,6.7,301.4,45
2017,9,0,39324,J.J. Spaun,6.7,388.9,58
2017,9,0,31323,Gary Woodland,6.7,342.1,51
2017,17,0,35450,Patrick Cantlay,6.6,232.3,35
2017,17,0,32366,Kevin Chappell,6.6,356.2,54
2017,17,0,39954,Cody Gribble,6.6,336.1,51
2017,17,0,26758,David Hearn,6.6,395.9,60
2017,17,0,36689,Brooks Koepka,6.6,297.1,45
2017,17,0,30944,Jason Kokrak,6.6,445.7,68
2017,17,0,34409,David Lingmerth,6.6,380.7,58
2017,17,0,32640,Troy Merritt,6.6,419.3,64
2017,17,0,1810,Phil Mickelson,6.6,363.5,55
2017,17,0,24361,Pat Perez,6.6,354.9,54
2017,17,0,22405,Justin Rose,6.6,270.1,41
2017,17,0,29223,Sam Saunders,6.6,369.8,56
2017,17,0,34264,Hudson Swafford,6.6,380.1,58
2017,30,0,27958,Ryan Blaum,6.5,462.7,71
2017,30,0,27895,Jonas Blixt,6.5,339.4,52
2017,30,0,40009,Dominic Bozzelli,6.5,318.3,49
2017,30,0,28420,Ryan Brehm,6.5,188.4,29
2017,30,0,34021,Bud Cauley,6.5,436.3,67
2017,30,0,28089,Jason Day,6.5,296.8,46
2017,30,0,34099,Harris English,6.5,387.9,60
2017,30,0,30191,Julián Etulain,6.5,307.6,47
2017,30,0,31416,Derek Fathauer,6.5,331.4,51
2017,30,0,46550,Brandon Hagy,6.5,364.0,56
2017,30,0,23353,J.J. Henry,6.5,409.1,63
2017,30,0,12716,Charley Hoffman,6.5,477.1,73
2017,30,0,35506,Mackenzie Hughes,6.5,566.2,87
2017,30,0,30925,Dustin Johnson,6.5,280.0,43
2017,30,0,46732,Rick Lamb,6.5,225.9,35
2017,30,0,26851,Marc Leishman,6.5,375.8,58
2017,30,0,29289,S.Y. Noh,6.5,455.0,70
2017,30,0,24140,Sean O'Hair,6.5,356.7,55
2017,30,0,22046,Geoff Ogilvy,6.5,401.3,62
2017,30,0,46970,Jon Rahm,6.5,336.0,52
2017,30,0,23621,Rory Sabbatini,6.5,306.2,47
2017,30,0,27214,Kevin Streelman,6.5,460.3,71
2017,30,0,27064,Jhonattan Vegas,6.5,313.4,48
2017,30,0,47128,Richy Werenski,6.5,346.5,53
2017,54,0,35545,Blayne Barber,6.4,395.8,62
2017,54,0,40026,Daniel Berger,6.4,334.4,52
2017,54,0,29479,Scott Brown,6.4,411.5,64
2017,54,0,46443,Brian Campbell,6.4,244.7,38
2017,54,0,28093,Miguel Angel Carballo,6.4,237.6,37
2017,54,0,23983,Luke Donald,6.4,180.1,28
2017,54,0,21209,Sergio Garcia,6.4,217.0,34
2017,54,0,24358,Robert Garrigus,6.4,348.2,54
2017,54,0,31557,Jim Herman,6.4,343.8,54
2017,54,0,35532,Tom Hoge,6.4,255.5,40
2017,54,0,29420,Billy Horschel,6.4,408.7,64
2017,54,0,36801,Mark Hubbard,6.4,359.0,56
2017,54,0,26300,Matt Jones,6.4,288.0,45
2017,54,0,39975,Michael Kim,6.4,474.1,74
2017,54,0,37454,Whee Kim,6.4,325.1,51
2017,54,0,27936,Martin Laird,6.4,309.1,48
2017,54,0,32839,Hideki Matsuyama,6.4,293.3,46
2017,54,0,46601,Trey Mullinax,6.4,388.1,61
2017,54,0,23320,Ryan Palmer,6.4,262.6,41
2017,54,0,34360,Patrick Reed,6.4,401.1,63
2017,54,0,36699,Patrick Rodgers,6.4,296.3,46
2017,54,0,26331,Charl Schwartzel,6.4,235.1,37
2017,54,0,24502,Adam Scott,6.4,192.2,30
2017,54,0,30110,Kyle Stanley,6.4,532.3,83
2017,54,0,29518,Brendan Steele,6.4,378.1,59
2017,54,0,29485,Brett Stegmaier,6.4,330.3,52
2017,54,0,37189,Harold Varner III,6.4,478.3,75
2017,54,0,27095,Nick Watney,6.4,364.1,57
2017,82,0,33120,Mark Anderson,6.3,250.6,40
2017,82,0,19803,Ryan Armour,6.3,258.4,41
2017,82,0,40058,Zac Blair,6.3,466.7,74
2017,82,0,32200,Roberto Castro,6.3,291.0,46
2017,82,0,20229,Stewart Cink,6.3,436.6,69
2017,82,0,27436,Graham DeLaet,6.3,381.0,60
2017,82,0,29720,Andres Gonzales,6.3,316.5,50
2017,82,0,20157,Retief Goosen,6.3,213.5,34
2017,82,0,33399,Adam Hadwin,6.3,441.1,70
2017,82,0,33461,Morgan Hoffmann,6.3,472.1,75
2017,82,0,37455,Si Woo Kim,6.3,322.1,51
2017,82,0,23108,Matt Kuchar,6.3,392.0,62
2017,82,0,31420,Anirban Lahiri,6.3,270.2,43
2017,82,0,31202,William McGirt,6.3,412.0,65
2017,82,0,34213,Grayson Murray,6.3,386.7,61
2017,82,0,29908,C.T. Pan,6.3,397.5,63
2017,82,0,26476,Chez Reavie,6.3,424.1,67
2017,82,0,34046,Jordan Spieth,6.3,365.5,58
2017,82,0,30692,Scott Stallings,6.3,353.1,56
2017,82,0,33418,Shawn Stefani,6.3,337.9,54
2017,82,0,25834,Daniel Summerhays,6.3,433.1,69
2017,82,0,25493,Nick Taylor,6.3,458.0,73
2017,82,0,23325,Vaughn Taylor,6.3,437.7,70
2017,82,0,33448,Justin Thomas,6.3,308.1,49
2017,82,0,26951,Johnson Wagner,6.3,307.0,49
2017,82,0,25632,Jimmy Walker,6.3,237.9,38
2017,108,0,20771,Steven Alker,6.2,253.6,41
2017,108,0,33948,Byeong Hun An,6.2,297.2,48
2017,108,0,12510,Chad Campbell,6.2,439.5,71
2017,108,0,25364,Paul Casey,6.2,318.3,51
2017,108,0,20472,Alex Cejka,6.2,327.0,53
2017,108,0,25720,Chad Collins,6.2,283.1,46
2017,108,0,23541,Ben Crane,6.2,398.4,64
2017,108,0,47959,Bryson DeChambeau,6.2,383.4,62
2017,108,0,28307,Matt Every,6.2,336.0,54
2017,108,0,28500,Martin Flores,6.2,382.4,62
2017,108,0,29740,Brad Fritsch,6.2,234.8,38
2017,108,0,29222,Billy Hurley III,6.2,414.4,67
2017,108,0,30852,Ryo Ishikawa,6.2,241.6,39
2017,108,0,24024,Zach Johnson,6.2,342.2,55
2017,108,0,29478,Kevin Kisner,6.2,402.7,65
2017,108,0,32757,Patton Kizzire,6.2,418.4,68
2017,108,0,24781,Hunter Mahan,6.2,349.3,56
2017,108,0,34466,Peter Malnati,6.2,448.5,72
2017,108,0,25198,Francesco Molinari,6.2,291.8,47
2017,108,0,48822,Sebastián Muñoz,6.2,197.0,32
2017,108,0,25396,Kevin Na,6.2,316.5,51
2017,108,0,26329,Louis Oosthuizen,6.2,223.0,36
2017,108,0,25818,Scott Piercy,6.2,273.6,44
2017,108,0,29476,Kyle Reifers,6.2,416.1,67
2017,108,0,29221,Webb Simpson,6.2,426.4,69
2017,108,0,35891,Cameron Smith,6.2,393.5,63
2017,108,0,27963,Chris Stroud,6.2,222.0,36
2017,108,0,31560,Brian Stuard,6.2,371.0,60
2017,108,0,28132,Tyrone Van Aswegen,6.2,364.6,59
2017,108,0,25804,Bubba Watson,6.2,254.6,41
2017,138,0,6522,Ernie Els,6.1,164.2,27
2017,138,0,25191,Gonzalo Fernandez-Castaño,6.1,202.6,33
2017,138,0,32102,Rickie Fowler,6.1,311.4,51
2017,138,0,19846,Brian Gay,6.1,403.9,66
2017,138,0,28679,Fabián Gómez,6.1,281.8,46
2017,138,0,31646,Emiliano Grillo,6.1,358.6,59
2017,138,0,27644,Brian Harman,6.1,392.3,64
2017,138,0,34098,Russell Henley,6.1,434.9,71
2017,138,0,34174,John Huh,6.1,445.4,73
2017,138,0,30926,Chris Kirk,6.1,391.9,64
2017,138,0,22986,Søren Kjeldsen,6.1,164.4,27
2017,138,0,25240,D.A. Points,6.1,293.1,48
2017,138,0,49771,J.T. Poston,6.1,389.2,64
2017,138,0,27649,Brandt Snedeker,6.1,208.2,34
2017,138,0,32150,Michael Thompson,6.1,243.7,40
2017,138,0,33419,Cameron Tringale,6.1,349.0,57
2017,138,0,25892,Steve Wheatcroft,6.1,178.2,29
2017,155,0,22371,Aaron Baddeley,6.0,253.6,42
2017,155,0,25686,Jason Dufner,6.0,386.7,64
2017,155,0,25900,Lucas Glover,6.0,384.7,64
2017,155,0,21961,Charles Howell III,6.0,342.5,57
2017,155,0,33122,Russell Knox,6.0,274.1,46
2017,155,0,35879,Kelly Kraft,6.0,335.3,56
2017,155,0,25572,Graeme McDowell,6.0,223.5,37
2017,155,0,23800,Bryce Molder,6.0,358.7,60
2017,155,0,22056,Cameron Percy,6.0,288.7,48
2017,155,0,28252,Seamus Power,6.0,275.8,46
2017,155,0,34358,Jonathan Randolph,6.0,256.3,43
2017,155,0,34431,Robert Streb,6.0,413.9,69
2017,155,0,26289,Boo Weekley,6.0,305.7,51
2017,155,0,25349,Tim Wilkinson,6.0,259.9,43
2017,169,0,24507,Jason Bohn,5.9,333.7,57
2017,169,0,48084,Wesley Bryan,5.9,334.9,57
2017,169,0,26499,Rafa Cabrera Bello,5.9,205.8,35
2017,169,0,24357,K.J. Choi,5.9,315.2,53
2017,169,0,35110,Brett Drewitt,5.9,200.7,34
2017,169,0,29974,Branden Grace,5.9,199.3,34
2017,169,0,27466,Spencer Levin,5.9,357.9,61
2017,169,0,33413,Ben Martin,5.9,382.8,65
2017,169,0,28237,Rory McIlroy,5.9,159.8,27
2017,169,0,26596,Ryan Moore,5.9,355.3,60
2017,169,0,24138,Ian Poulter,5.9,290.9,49
2017,169,0,32333,Kevin Tway,5.9,313.0,53
2017,169,0,27770,Camilo Villegas,5.9,302.8,51
2017,182,0,25274,Steven Bowditch,5.8,241.6,42
2017,182,0,20104,Ken Duke,5.8,256.3,44
2017,182,0,10809,Jim Furyk,5.8,215.6,37
2017,182,0,25345,Carl Pettersson,5.8,208.0,36
2017,186,0,20593,Greg Chalmers,5.7,352.5,62
2017,187,0,24846,Ricky Barnes,5.5,272.7,50
2017,188,0,20572,Rod Pampling,5.4,249.4,46
2017,188,0,46501,Ollie Schniederjans,5.4,314.2,58
2017,190,0,37278,Nicholas Lindheim,5.3,196.0,37
2016,1,0,26758,David Hearn,6.9,387.4,56
2016,1,0,29420,Billy Horschel,6.9,318.0,46
2016,1,0,46440,Smylie Kaufman,6.9,339.0,49
2016,1,0,1810,Phil Mickelson,6.9,275.8,40
2016,1,0,31323,Gary Woodland,6.9,326.0,47
2016,6,0,33141,Keegan Bradley,6.8,293.3,43
2016,6,0,32839,Hideki Matsuyama,6.8,224.5,33
2016,6,0,23320,Ryan Palmer,6.8,291.1,43
2016,9,0,32618,Rhein Gibson,6.7,201.5,30
2016,9,0,24924,Bill Haas,6.7,260.7,39
2016,9,0,27141,J.B. Holmes,6.7,286.2,43
2016,9,0,28237,Rory McIlroy,6.7,193.3,29
2016,9,0,36699,Patrick Rodgers,6.7,327.9,49
2016,9,0,34264,Hudson Swafford,6.7,363.2,54
2016,15,0,28089,Jason Day,6.6,302.5,46
2016,15,0,32102,Rickie Fowler,6.6,251.1,38
2016,15,0,33399,Adam Hadwin,6.6,305.6,46
2016,15,0,27747,Hiroshi Iwata,6.6,336.4,51
2016,15,0,30925,Dustin Johnson,6.6,345.0,52
2016,15,0,27936,Martin Laird,6.6,283.0,43
2016,15,0,33410,Andrew Landry,6.6,125.3,19
2016,15,0,27129,Luke List,6.6,304.4,46
2016,15,0,29461,Jamie Lovemark,6.6,365.4,55
2016,15,0,24140,Sean O'Hair,6.6,331.6,50
2016,15,0,35451,Scott Pinckney,6.6,251.1,38
2016,15,0,34360,Patrick Reed,6.6,351.7,53
2016,15,0,29485,Brett Stegmaier,6.6,371.4,56
2016,15,0,23325,Vaughn Taylor,6.6,369.3,56
2016,29,0,35545,Blayne Barber,6.5,255.2,39
2016,29,0,34262,Jon Curran,6.5,414.4,64
2016,29,0,23983,Luke Donald,6.5,253.8,39
2016,29,0,29725,Tony Finau,6.5,317.8,49
2016,29,0,21209,Sergio Garcia,6.5,103.8,16
2016,29,0,20157,Retief Goosen,6.5,274.4,42
2016,29,0,32448,James Hahn,6.5,247.9,38
2016,29,0,36801,Mark Hubbard,6.5,350.6,54
2016,29,0,35879,Kelly Kraft,6.5,175.8,27
2016,29,0,34409,David Lingmerth,6.5,322.9,50
2016,29,0,29289,S.Y. Noh,6.5,343.4,53
2016,29,0,25818,Scott Piercy,6.5,264.5,41
2016,29,0,32876,Martin Piller,6.5,215.5,33
2016,29,0,22405,Justin Rose,6.5,176.2,27
2016,29,0,27649,Brandt Snedeker,6.5,340.3,52
2016,29,0,29518,Brendan Steele,6.5,241.6,37
2016,29,0,33448,Justin Thomas,6.5,359.1,55
2016,29,0,32150,Michael Thompson,6.5,207.9,32
2016,29,0,28114,Dawie van der Walt,6.5,220.0,34
2016,29,0,27064,Jhonattan Vegas,6.5,260.7,40
2016,49,0,24461,Thomas Aiken,6.4,171.7,27
2016,49,0,29745,Tyler Aldridge,6.4,268.0,42
2016,49,0,32200,Roberto Castro,6.4,345.2,54
2016,49,0,22892,Jason Gore,6.4,283.1,44
2016,49,0,23353,J.J. Henry,6.4,248.4,39
2016,49,0,35532,Tom Hoge,6.4,222.7,35
2016,49,0,29222,Billy Hurley III,6.4,238.5,37
2016,49,0,24024,Zach Johnson,6.4,302.2,47
2016,49,0,26300,Matt Jones,6.4,223.1,35
2016,49,0,36689,Brooks Koepka,6.4,254.1,40
2016,49,0,30944,Jason Kokrak,6.4,302.8,47
2016,49,0,23108,Matt Kuchar,6.4,363.1,57
2016,49,0,29926,Danny Lee,6.4,322.0,50
2016,49,0,35300,Andrew Loupe,6.4,344.4,54
2016,49,0,33204,Shane Lowry,6.4,127.9,20
2016,49,0,28158,Steve Marino,6.4,218.4,34
2016,49,0,26331,Charl Schwartzel,6.4,224.7,35
2016,49,0,20645,John Senden,6.4,216.7,34
2016,49,0,33418,Shawn Stefani,6.4,364.5,57
2016,49,0,27963,Chris Stroud,6.4,248.8,39
2016,49,0,33419,Cameron Tringale,6.4,311.8,49
2016,49,0,37189,Harold Varner III,6.4,312.2,49
2016,71,0,22371,Aaron Baddeley,6.3,301.7,48
2016,71,0,27895,Jonas Blixt,6.3,284.6,45
2016,71,0,29268,Bronson Burgoon,6.3,257.1,41
2016,71,0,32366,Kevin Chappell,6.3,284.5,45
2016,71,0,27436,Graham DeLaet,6.3,203.0,32
2016,71,0,34099,Harris English,6.3,263.5,42
2016,71,0,24358,Robert Garrigus,6.3,194.7,31
2016,71,0,20766,Padraig Harrington,6.3,196.6,31
2016,71,0,34098,Russell Henley,6.3,272.1,43
2016,71,0,12716,Charley Hoffman,6.3,304.4,48
2016,71,0,37455,Si Woo Kim,6.3,345.5,55
2016,71,0,30926,Chris Kirk,6.3,266.1,42
2016,71,0,28092,D.H. Lee,6.3,200.8,32
2016,71,0,33413,Ben Martin,6.3,336.4,53
2016,71,0,31202,William McGirt,6.3,304.2,48
2016,71,0,33667,Carlos Ortiz,6.3,268.8,43
2016,71,0,35732,Wes Roach,6.3,196.7,31
2016,71,0,29223,Sam Saunders,6.3,214.8,34
2016,71,0,24502,Adam Scott,6.3,219.6,35
2016,71,0,35891,Cameron Smith,6.3,181.7,29
2016,71,0,34046,Jordan Spieth,6.3,271.7,43
2016,71,0,30110,Kyle Stanley,6.3,319.0,51
2016,71,0,31560,Brian Stuard,6.3,239.9,38
2016,71,0,2206,David Toms,6.3,219.6,35
2016,71,0,27770,Camilo Villegas,6.3,294.9,47
2016,71,0,26951,Johnson Wagner,6.3,327.7,52
2016,71,0,25804,Bubba Watson,6.3,225.7,36
2016,71,0,21878,Mark Wilson,6.3,157.2,25
2016,99,0,40026,Daniel Berger,6.2,259.9,42
2016,99,0,40058,Zac Blair,6.2,291.1,47
2016,99,0,20472,Alex Cejka,6.2,254.6,41
2016,99,0,24357,K.J. Choi,6.2,242.7,39
2016,99,0,28679,Fabián Gómez,6.2,264.6,43
2016,99,0,35539,Luke Guthrie,6.2,173.5,28
2016,99,0,21961,Charles Howell III,6.2,324.0,52
2016,99,0,21731,Freddie Jacobson,6.2,335.2,54
2016,99,0,39975,Michael Kim,6.2,370.0,60
2016,99,0,24781,Hunter Mahan,6.2,223.1,36
2016,99,0,22046,Geoff Ogilvy,6.2,223.8,36
2016,99,0,28475,Jeff Overton,6.2,252.5,41
2016,99,0,20572,Rod Pampling,6.2,130.1,21
2016,99,0,26476,Chez Reavie,6.2,308.7,50
2016,99,0,30692,Scott Stallings,6.2,254.1,41
2016,99,0,27214,Kevin Streelman,6.2,223.9,36
2016,99,0,25493,Nick Taylor,6.2,241.3,39
2016,116,0,24507,Jason Bohn,6.1,129.0,21
2016,116,0,12510,Chad Campbell,6.1,297.3,49
2016,116,0,20229,Stewart Cink,6.1,206.4,34
2016,116,0,23541,Ben Crane,6.1,248.4,41
2016,116,0,31416,Derek Fathauer,6.1,349.9,57
2016,116,0,10809,Jim Furyk,6.1,109.0,18
2016,116,0,25900,Lucas Glover,6.1,195.0,32
2016,116,0,31646,Emiliano Grillo,6.1,282.8,46
2016,116,0,27644,Brian Harman,6.1,335.2,55
2016,116,0,31557,Jim Herman,6.1,258.1,42
2016,116,0,34174,John Huh,6.1,272.9,45
2016,116,0,37454,Whee Kim,6.1,230.0,38
2016,116,0,29478,Kevin Kisner,6.1,287.2,47
2016,116,0,31420,Anirban Lahiri,6.1,233.6,38
2016,116,0,34261,Scott Langley,6.1,184.3,30
2016,116,0,32640,Troy Merritt,6.1,267.4,44
2016,116,0,26596,Ryan Moore,6.1,208.0,34
2016,116,0,23621,Rory Sabbatini,6.1,141.3,23
2016,116,0,25632,Jimmy Walker,6.1,306.9,50
2016,116,0,25892,Steve Wheatcroft,6.1,250.3,41
2016,116,0,34265,Will Wilcox,6.1,220.8,36
2016,137,0,20098,Stuart Appleby,6.0,295.1,49
2016,137,0,29479,Scott Brown,6.0,325.1,54
2016,137,0,20848,Ángel Cabrera,6.0,226.5,38
2016,137,0,37273,Derek Ernst,6.0,168.8,28
2016,137,0,33461,Morgan Hoffmann,6.0,297.7,50
2016,137,0,27974,Sung Kang,6.0,298.1,50
2016,137,0,32757,Patton Kizzire,6.0,309.5,52
2016,137,0,30711,Colt Knost,6.0,223.0,37
2016,137,0,26851,Marc Leishman,6.0,253.9,42
2016,137,0,24912,Will MacKenzie,6.0,270.0,45
2016,137,0,25572,Graeme McDowell,6.0,169.3,28
2016,137,0,23800,Bryce Molder,6.0,210.6,35
2016,137,0,25396,Kevin Na,6.0,215.7,36
2016,137,0,30163,Henrik Norlander,6.0,223.8,37
2016,137,0,27942,Rob Oppenheim,6.0,202.4,34
2016,137,0,10213,Dicky Pride,6.0,181.4,30
2016,137,0,29476,Kyle Reifers,6.0,329.8,55
2016,137,0,6527,Steve Stricker,6.0,181.1,30
2016,137,0,30927,Brendon Todd,6.0,216.2,36
2016,137,0,28132,Tyrone Van Aswegen,6.0,361.5,60
2016,137,0,25349,Tim Wilkinson,6.0,184.6,31
2016,158,0,45526,Abraham Ancer,5.9,160.2,27
2016,158,0,25364,Paul Casey,5.9,176.0,30
2016,158,0,25720,Chad Collins,5.9,237.4,40
2016,158,0,24494,Erik Compton,5.9,164.5,28
2016,158,0,6522,Ernie Els,5.9,218.8,37
2016,158,0,34563,Chesson Hadley,5.9,308.1,52
2016,158,0,8075,Jerry Kelly,5.9,260.6,44
2016,158,0,24490,George McNeill,5.9,169.7,29
2016,158,0,25198,Francesco Molinari,5.9,190.1,32
2016,158,0,26329,Louis Oosthuizen,5.9,183.4,31
2016,158,0,25834,Daniel Summerhays,5.9,278.2,47
2016,169,0,23638,Brendon de Jonge,5.8,209.4,36
2016,169,0,20104,Ken Duke,5.8,195.9,34
2016,169,0,29720,Andres Gonzales,5.8,192.4,33
2016,169,0,33122,Russell Knox,5.8,248.6,43
2016,169,0,34466,Peter Malnati,5.8,219.8,38
2016,169,0,25240,D.A. Points,5.8,132.3,23
2016,169,0,29221,Webb Simpson,5.8,161.7,28
2016,169,0,6567,Vijay Singh,5.8,249.7,43
2016,169,0,34431,Robert Streb,5.8,253.8,44
2016,169,0,26289,Boo Weekley,5.8,219.8,38
2016,179,0,10885,Robert Allenby,5.7,158.6,28
2016,179,0,27466,Spencer Levin,5.7,248.8,44
2016,181,0,24846,Ricky Barnes,5.6,284.9,51
2016,181,0,25686,Jason Dufner,5.6,273.5,49
2016,181,0,20691,Greg Owen,5.6,230.5,41
2016,184,0,25274,Steven Bowditch,5.5,208.4,38
2016,185,0,29974,Branden Grace,5.3,122.8,23
2015,1,0,36699,Patrick Rodgers,7.1,247.4,35
2015,2,0,12716,Charley Hoffman,7.0,446.8,64
2015,3,0,33141,Keegan Bradley,6.9,475.4,69
2015,3,0,33448,Justin Thomas,6.9,551.5,80
2015,5,0,27141,J.B. Holmes,6.8,382.2,56
2015,5,0,36689,Brooks Koepka,6.8,419.6,62
2015,5,0,1810,Phil Mickelson,6.8,278.5,41
2015,5,0,23320,Ryan Palmer,6.8,327.0,48
2015,5,0,30946,Alex Prugh,6.8,463.0,68
2015,10,0,32334,Charlie Beljan,6.7,339.5,51
2015,10,0,27436,Graham DeLaet,6.7,306.7,46
2015,10,0,1706,Davis Love III,6.7,206.5,31
2015,10,0,25818,Scott Piercy,6.7,481.9,72
2015,10,0,28780,Nicholas Thompson,6.7,452.8,68
2015,15,0,20848,Ángel Cabrera,6.6,257.2,39
2015,15,0,23983,Luke Donald,6.6,243.0,37
2015,15,0,34099,Harris English,6.6,518.6,79
2015,15,0,29725,Tony Finau,6.6,507.7,77
2015,15,0,32102,Rickie Fowler,6.6,324.6,49
2015,15,0,22892,Jason Gore,6.6,305.6,46
2015,15,0,33399,Adam Hadwin,6.6,459.2,70
2015,15,0,32448,James Hahn,6.6,404.6,61
2015,15,0,20766,Padraig Harrington,6.6,305.7,46
2015,15,0,34098,Russell Henley,6.6,433.7,66
2015,15,0,33461,Morgan Hoffmann,6.6,397.5,60
2015,15,0,34409,David Lingmerth,6.6,455.9,69
2015,15,0,33486,Roger Sloan,6.6,211.5,32
2015,15,0,34046,Jordan Spieth,6.6,354.5,54
2015,15,0,27214,Kevin Streelman,6.6,443.0,67
2015,15,0,34264,Hudson Swafford,6.6,468.5,71
2015,31,0,32366,Kevin Chappell,6.5,343.8,53
2015,31,0,30736,Oscar Fraustro,6.5,187.3,29
2015,31,0,35539,Luke Guthrie,6.5,422.7,65
2015,31,0,24924,Bill Haas,6.5,381.6,59
2015,31,0,23353,J.J. Henry,6.5,391.3,60
2015,31,0,29420,Billy Horschel,6.5,428.3,66
2015,31,0,36801,Mark Hubbard,6.5,351.1,54
2015,31,0,29926,Danny Lee,6.5,595.0,92
2015,31,0,23548,Bill Lunde,6.5,226.9,35
2015,31,0,32640,Troy Merritt,6.5,377.2,58
2015,31,0,25198,Francesco Molinari,6.5,268.0,41
2015,31,0,29289,S.Y. Noh,6.5,306.0,47
2015,31,0,22046,Geoff Ogilvy,6.5,213.3,33
2015,31,0,29223,Sam Saunders,6.5,376.9,58
2015,31,0,29518,Brendan Steele,6.5,498.1,77
2015,31,0,33419,Cameron Tringale,6.5,452.7,70
2015,31,0,27095,Nick Watney,6.5,444.4,68
2015,48,0,35545,Blayne Barber,6.4,384.4,60
2015,48,0,40026,Daniel Berger,6.4,375.8,59
2015,48,0,40058,Zac Blair,6.4,557.6,87
2015,48,0,25364,Paul Casey,6.4,273.3,43
2015,48,0,21753,Brian Davis,6.4,425.4,66
2015,48,0,28307,Matt Every,6.4,343.7,54
2015,48,0,28500,Martin Flores,6.4,446.7,70
2015,48,0,39977,Max Homa,6.4,331.3,52
2015,48,0,34174,John Huh,6.4,573.3,90
2015,48,0,30925,Dustin Johnson,6.4,256.3,40
2015,48,0,24024,Zach Johnson,6.4,433.1,68
2015,48,0,26300,Matt Jones,6.4,378.1,59
2015,48,0,30944,Jason Kokrak,6.4,464.7,73
2015,48,0,24781,Hunter Mahan,6.4,334.9,52
2015,48,0,32839,Hideki Matsuyama,6.4,419.4,66
2015,48,0,24140,Sean O'Hair,6.4,367.0,57
2015,48,0,33667,Carlos Ortiz,6.4,506.5,79
2015,48,0,34256,Andrew Putnam,6.4,350.3,55
2015,48,0,26476,Chez Reavie,6.4,326.4,51
2015,48,0,31193,Jim Renner,6.4,338.8,53
2015,48,0,20645,John Senden,6.4,303.1,47
2015,48,0,29221,Webb Simpson,6.4,332.5,52
2015,48,0,30692,Scott Stallings,6.4,307.1,48
2015,48,0,32150,Michael Thompson,6.4,448.8,70
2015,48,0,25632,Jimmy Walker,6.4,356.2,56
2015,48,0,25804,Bubba Watson,6.4,218.7,34
2015,48,0,21878,Mark Wilson,6.4,422.4,66
2015,48,0,31323,Gary Woodland,6.4,300.2,47
2015,76,0,27895,Jonas Blixt,6.3,288.9,46
2015,76,0,24925,Jonathan Byrd,6.3,290.0,46
2015,76,0,32200,Roberto Castro,6.3,163.5,26
2015,76,0,28089,Jason Day,6.3,310.2,49
2015,76,0,25191,Gonzalo Fernandez-Castaño,6.3,322.1,51
2015,76,0,21209,Sergio Garcia,6.3,209.0,33
2015,76,0,24358,Robert Garrigus,6.3,276.3,44
2015,76,0,25900,Lucas Glover,6.3,445.3,71
2015,76,0,28679,Fabián Gómez,6.3,364.5,58
2015,76,0,20157,Retief Goosen,6.3,388.2,62
2015,76,0,26758,David Hearn,6.3,481.1,76
2015,76,0,29222,Billy Hurley III,6.3,347.2,55
2015,76,0,26329,Louis Oosthuizen,6.3,219.2,35
2015,76,0,35541,John Peterson,6.3,444.0,70
2015,76,0,24138,Ian Poulter,6.3,237.9,38
2015,76,0,22405,Justin Rose,6.3,251.4,40
2015,76,0,23621,Rory Sabbatini,6.3,352.4,56
2015,76,0,24502,Adam Scott,6.3,113.2,18
2015,76,0,27649,Brandt Snedeker,6.3,482.3,76
2015,76,0,33418,Shawn Stefani,6.3,471.8,75
2015,76,0,25493,Nick Taylor,6.3,449.6,71
2015,76,0,25892,Steve Wheatcroft,6.3,423.9,67
2015,98,0,20771,Steven Alker,6.2,297.4,48
2015,98,0,23048,Eric Axley,6.2,246.8,40
2015,98,0,22371,Aaron Baddeley,6.2,211.6,34
2015,98,0,28259,Sangmoon Bae,6.2,407.3,66
2015,98,0,25274,Steven Bowditch,6.2,477.6,77
2015,98,0,20472,Alex Cejka,6.2,426.4,69
2015,98,0,24357,K.J. Choi,6.2,235.9,38
2015,98,0,34262,Jon Curran,6.2,355.9,57
2015,98,0,23638,Brendon de Jonge,6.2,453.6,73
2015,98,0,25369,Jamie Donaldson,6.2,223.0,36
2015,98,0,37273,Derek Ernst,6.2,352.2,57
2015,98,0,29535,Brice Garnett,6.2,357.0,58
2015,98,0,29720,Andres Gonzales,6.2,467.3,75
2015,98,0,31557,Jim Herman,6.2,381.4,62
2015,98,0,35532,Tom Hoge,6.2,316.2,51
2015,98,0,30852,Ryo Ishikawa,6.2,375.3,61
2015,98,0,29478,Kevin Kisner,6.2,529.5,86
2015,98,0,23108,Matt Kuchar,6.2,441.0,71
2015,98,0,27936,Martin Laird,6.2,349.8,56
2015,98,0,26851,Marc Leishman,6.2,311.3,50
2015,98,0,22056,Cameron Percy,6.2,349.2,56
2015,98,0,24361,Pat Perez,6.2,423.9,68
2015,98,0,34360,Patrick Reed,6.2,417.0,67
2015,98,0,29476,Kyle Reifers,6.2,397.1,64
2015,98,0,26331,Charl Schwartzel,6.2,174.8,28
2015,98,0,6567,Vijay Singh,6.2,332.7,54
2015,98,0,22293,Heath Slocum,6.2,209.5,34
2015,98,0,27963,Chris Stroud,6.2,315.8,51
2015,98,0,31560,Brian Stuard,6.2,471.0,76
2015,98,0,29425,Andrew Svoboda,6.2,358.6,58
2015,98,0,30927,Brendon Todd,6.2,361.0,58
2015,98,0,2206,David Toms,6.2,285.7,46
2015,98,0,23623,Bo Van Pelt,6.2,363.9,59
2015,98,0,27064,Jhonattan Vegas,6.2,393.6,63
2015,98,0,25349,Tim Wilkinson,6.2,266.0,43
2015,133,0,24507,Jason Bohn,6.1,459.1,75
2015,133,0,29479,Scott Brown,6.1,429.6,70
2015,133,0,23541,Ben Crane,6.1,251.1,41
2015,133,0,10809,Jim Furyk,6.1,214.4,35
2015,133,0,34563,Chesson Hadley,6.1,445.7,73
2015,133,0,27644,Brian Harman,6.1,387.2,64
2015,133,0,21961,Charles Howell III,6.1,521.4,85
2015,133,0,37454,Whee Kim,6.1,239.5,39
2015,133,0,30711,Colt Knost,6.1,375.2,62
2015,133,0,31202,William McGirt,6.1,493.2,81
2015,133,0,20691,Greg Owen,6.1,251.9,41
2015,133,0,34130,Sung Joon Park,6.1,319.0,52
2015,133,0,25345,Carl Pettersson,6.1,517.9,85
2015,133,0,35451,Scott Pinckney,6.1,386.3,63
2015,133,0,25240,D.A. Points,6.1,287.8,47
2015,133,0,28486,Michael Putnam,6.1,355.3,58
2015,133,0,26951,Johnson Wagner,6.1,267.1,44
2015,133,0,34265,Will Wilcox,6.1,194.7,32
2015,151,0,25720,Chad Collins,6.0,293.1,49
2015,151,0,24494,Erik Compton,6.0,347.3,58
2015,151,0,30926,Chris Kirk,6.0,320.4,53
2015,151,0,10860,Justin Leonard,6.0,276.9,46
2015,151,0,33413,Ben Martin,6.0,404.6,67
2015,151,0,24490,George McNeill,6.0,394.7,66
2015,151,0,26596,Ryan Moore,6.0,320.2,53
2015,151,0,25396,Kevin Na,6.0,306.4,51
2015,151,0,28475,Jeff Overton,6.0,404.2,67
2015,151,0,25562,Andres Romero,6.0,270.9,45
2015,151,0,34431,Robert Streb,6.0,537.0,90
2015,151,0,28132,Tyrone Van Aswegen,6.0,174.4,29
2015,151,0,20396,Lee Westwood,6.0,191.8,32
2015,164,0,10885,Robert Allenby,5.9,249.8,42
2015,164,0,12510,Chad Campbell,5.9,457.6,77
2015,164,0,20593,Greg Chalmers,5.9,195.8,33
2015,164,0,25686,Jason Dufner,5.9,247.5,42
2015,164,0,6522,Ernie Els,5.9,140.8,24
2015,164,0,33122,Russell Knox,5.9,423.3,72
2015,164,0,27466,Spencer Levin,5.9,390.7,66
2015,164,0,23800,Bryce Molder,5.9,373.9,63
2015,164,0,25834,Daniel Summerhays,5.9,373.5,63
2015,173,0,20229,Stewart Cink,5.8,290.3,50
2015,173,0,31416,Derek Fathauer,5.8,345.1,59
2015,173,0,8075,Jerry Kelly,5.8,295.0,51
2015,173,0,34261,Scott Langley,5.8,337.0,58
2015,173,0,27933,John Merrick,5.8,314.9,54
2015,173,0,21528,Henrik Stenson,5.8,116.0,20
2015,173,0,27770,Camilo Villegas,5.8,373.8,64
2015,173,0,26289,Boo Weekley,5.8,282.7,49
2015,181,0,20104,Ken Duke,5.7,346.7,61
2015,181,0,28023,Byron Smith,5.7,193.0,34
2015,183,0,34358,Jonathan Randolph,5.6,276.6,49
2015,184,0,24846,Ricky Barnes,5.3,265.5,50
2014,1,0,32102,Rickie Fowler,6.9,432.4,63
2014,1,0,29461,Jamie Lovemark,6.9,304.4,44
2014,3,0,27436,Graham DeLaet,6.8,358.3,53
2014,3,0,22046,Geoff Ogilvy,6.8,474.0,70
2014,5,0,32448,James Hahn,6.7,455.1,68
2014,5,0,12716,Charley Hoffman,6.7,546.4,81
2014,5,0,35300,Andrew Loupe,6.7,294.2,44
2014,5,0,24912,Will MacKenzie,6.7,519.2,78
2014,5,0,34264,Hudson Swafford,6.7,355.0,53
2014,10,0,20848,Ángel Cabrera,6.6,438.0,66
2014,10,0,34021,Bud Cauley,6.6,322.5,49
2014,10,0,23983,Luke Donald,6.6,270.2,41
2014,10,0,37273,Derek Ernst,6.6,381.7,58
2014,10,0,24924,Bill Haas,6.6,513.9,78
2014,10,0,23353,J.J. Henry,6.6,472.0,72
2014,10,0,27141,J.B. Holmes,6.6,411.3,62
2014,10,0,36689,Brooks Koepka,6.6,252.3,38
2014,10,0,26851,Marc Leishman,6.6,436.3,66
2014,10,0,24781,Hunter Mahan,6.6,485.5,74
2014,10,0,23320,Ryan Palmer,6.6,434.0,66
2014,10,0,30110,Kyle Stanley,6.6,488.7,74
2014,10,0,27330,Josh Teater,6.6,517.6,78
2014,10,0,25804,Bubba Watson,6.6,309.5,47
2014,10,0,21878,Mark Wilson,6.6,393.5,60
2014,25,0,32334,Charlie Beljan,6.5,456.1,70
2014,25,0,33141,Keegan Bradley,6.5,416.1,64
2014,25,0,24925,Jonathan Byrd,6.5,419.9,65
2014,25,0,25364,Paul Casey,6.5,277.6,43
2014,25,0,20229,Stewart Cink,6.5,434.2,67
2014,25,0,24358,Robert Garrigus,6.5,433.5,67
2014,25,0,35539,Luke Guthrie,6.5,533.3,82
2014,25,0,29420,Billy Horschel,6.5,449.5,69
2014,25,0,29926,Danny Lee,6.5,409.2,63
2014,25,0,35139,Richard Lee,6.5,437.3,67
2014,25,0,1706,Davis Love III,6.5,342.1,53
2014,25,0,32839,Hideki Matsuyama,6.5,421.3,65
2014,25,0,22913,John Rollins,6.5,409.7,63
2014,25,0,27214,Kevin Streelman,6.5,429.6,66
2014,25,0,28780,Nicholas Thompson,6.5,443.1,68
2014,25,0,32333,Kevin Tway,6.5,306.3,47
2014,25,0,27064,Jhonattan Vegas,6.5,426.6,66
2014,25,0,25632,Jimmy Walker,6.5,429.1,66
2014,25,0,31323,Gary Woodland,6.5,417.1,64
2014,44,0,22371,Aaron Baddeley,6.4,363.1,57
2014,44,0,20498,Briny Baird,6.4,244.3,38
2014,44,0,32200,Roberto Castro,6.4,379.6,59
2014,44,0,32366,Kevin Chappell,6.4,568.1,89
2014,44,0,23541,Ben Crane,6.4,518.4,81
2014,44,0,34099,Harris English,6.4,405.9,63
2014,44,0,34098,Russell Henley,6.4,495.4,77
2014,44,0,29478,Kevin Kisner,6.4,469.1,73
2014,44,0,33413,Ben Martin,6.4,379.9,59
2014,44,0,32640,Troy Merritt,6.4,379.6,59
2014,44,0,1810,Phil Mickelson,6.4,299.0,47
2014,44,0,24140,Sean O'Hair,6.4,369.8,58
2014,44,0,34360,Patrick Reed,6.4,425.7,67
2014,44,0,29221,Webb Simpson,6.4,450.9,71
2014,44,0,30692,Scott Stallings,6.4,395.8,62
2014,44,0,29518,Brendan Steele,6.4,463.5,72
2014,44,0,33418,Shawn Stefani,6.4,358.1,56
2014,44,0,21528,Henrik Stenson,6.4,173.7,27
2014,44,0,33419,Cameron Tringale,6.4,637.8,100
2014,44,0,26951,Johnson Wagner,6.4,363.1,57
2014,44,0,20396,Lee Westwood,6.4,270.4,42
2014,65,0,27895,Jonas Blixt,6.3,233.7,37
2014,65,0,12510,Chad Campbell,6.3,290.5,46
2014,65,0,22621,Ben Curtis,6.3,408.5,65
2014,65,0,21753,Brian Davis,6.3,545.0,86
2014,65,0,28307,Matt Every,6.3,415.6,66
2014,65,0,25191,Gonzalo Fernandez-Castaño,6.3,440.8,70
2014,65,0,21209,Sergio Garcia,6.3,215.1,34
2014,65,0,29535,Brice Garnett,6.3,489.2,78
2014,65,0,20157,Retief Goosen,6.3,538.6,86
2014,65,0,26758,David Hearn,6.3,544.6,86
2014,65,0,33461,Morgan Hoffmann,6.3,545.9,86
2014,65,0,21961,Charles Howell III,6.3,599.1,95
2014,65,0,34174,John Huh,6.3,442.3,70
2014,65,0,30925,Dustin Johnson,6.3,243.9,39
2014,65,0,26300,Matt Jones,6.3,436.6,69
2014,65,0,26956,Bronson La'Cassie,6.3,246.8,39
2014,65,0,34409,David Lingmerth,6.3,450.3,71
2014,65,0,27120,Troy Matteson,6.3,291.0,46
2014,65,0,28237,Rory McIlroy,6.3,285.7,45
2014,65,0,25396,Kevin Na,6.3,529.5,84
2014,65,0,24361,Pat Perez,6.3,462.1,73
2014,65,0,35541,John Peterson,6.3,371.0,59
2014,65,0,25240,D.A. Points,6.3,313.4,50
2014,65,0,28486,Michael Putnam,6.3,532.9,84
2014,65,0,31193,Jim Renner,6.3,306.8,49
2014,65,0,27649,Brandt Snedeker,6.3,421.4,67
2014,65,0,29425,Andrew Svoboda,6.3,457.0,73
2014,65,0,32150,Michael Thompson,6.3,337.6,54
2014,65,0,2206,David Toms,6.3,339.1,54
2014,65,0,28132,Tyrone Van Aswegen,6.3,284.5,45
2014,65,0,34265,Will Wilcox,6.3,245.4,39
2014,96,0,24507,Jason Bohn,6.2,506.8,82
2014,96,0,28089,Jason Day,6.2,167.3,27
2014,96,0,6522,Ernie Els,6.2,395.7,64
2014,96,0,30750,Tommy Gainey,6.2,361.5,58
2014,96,0,25444,Justin Hicks,6.2,580.9,94
2014,96,0,29222,Billy Hurley III,6.2,473.1,76
2014,96,0,24024,Zach Johnson,6.2,540.9,87
2014,96,0,30926,Chris Kirk,6.2,523.4,84
2014,96,0,30944,Jason Kokrak,6.2,361.6,58
2014,96,0,27936,Martin Laird,6.2,279.1,45
2014,96,0,25572,Graeme McDowell,6.2,305.5,49
2014,96,0,29289,S.Y. Noh,6.2,458.8,74
2014,96,0,26329,Louis Oosthuizen,6.2,168.5,27
2014,96,0,25345,Carl Pettersson,6.2,547.6,88
2014,96,0,24138,Ian Poulter,6.2,255.8,41
2014,96,0,22405,Justin Rose,6.2,329.6,53
2014,96,0,26331,Charl Schwartzel,6.2,324.2,52
2014,96,0,6567,Vijay Singh,6.2,457.5,74
2014,96,0,22293,Heath Slocum,6.2,383.1,62
2014,96,0,26679,Kevin Stadler,6.2,412.9,67
2014,96,0,31560,Brian Stuard,6.2,501.4,81
2014,96,0,23623,Bo Van Pelt,6.2,431.3,70
2014,96,0,27095,Nick Watney,6.2,323.6,52
2014,119,0,28259,Sangmoon Bae,6.1,385.5,63
2014,119,0,25274,Steven Bowditch,6.1,480.6,79
2014,119,0,29479,Scott Brown,6.1,509.3,83
2014,119,0,24494,Erik Compton,6.1,495.9,81
2014,119,0,23638,Brendon de Jonge,6.1,559.3,91
2014,119,0,28500,Martin Flores,6.1,428.2,70
2014,119,0,29740,Brad Fritsch,6.1,214.4,35
2014,119,0,25900,Lucas Glover,6.1,294.3,48
2014,119,0,31557,Jim Herman,6.1,286.0,47
2014,119,0,27408,Martin Kaymer,6.1,306.5,50
2014,119,0,1724,Jeff Maggert,6.1,267.9,44
2014,119,0,31202,William McGirt,6.1,557.5,92
2014,119,0,24490,George McNeill,6.1,414.1,68
2014,119,0,23800,Bryce Molder,6.1,381.7,63
2014,119,0,26596,Ryan Moore,6.1,408.2,67
2014,119,0,27556,Ted Potter Jr.,6.1,365.1,60
2014,119,0,35732,Wes Roach,6.1,312.6,51
2014,119,0,20645,John Senden,6.1,537.8,88
2014,119,0,34431,Robert Streb,6.1,404.4,66
2014,119,0,25834,Daniel Summerhays,6.1,576.5,95
2014,119,0,20160,Charlie Wi,6.1,399.1,65
2014,119,0,25349,Tim Wilkinson,6.1,472.3,77
2014,141,0,10885,Robert Allenby,6.0,365.2,61
2014,141,0,7867,Woody Austin,6.0,329.3,55
2014,141,0,10809,Jim Furyk,6.0,430.4,72
2014,141,0,19846,Brian Gay,6.0,383.8,64
2014,141,0,34563,Chesson Hadley,6.0,475.7,79
2014,141,0,27644,Brian Harman,6.0,616.7,103
2014,141,0,23108,Matt Kuchar,6.0,458.5,76
2014,141,0,28092,D.H. Lee,6.0,271.6,45
2014,141,0,28475,Jeff Overton,6.0,406.7,68
2014,141,0,24502,Adam Scott,6.0,316.6,53
2014,141,0,34046,Jordan Spieth,6.0,506.3,84
2014,141,0,27963,Chris Stroud,6.0,435.5,72
2014,141,0,30927,Brendon Todd,6.0,513.9,86
2014,154,0,23409,James Driscoll,5.9,289.9,49
2014,154,0,25562,Andres Romero,5.9,343.0,58
2014,154,0,23621,Rory Sabbatini,5.9,390.2,66
2014,154,0,26289,Boo Weekley,5.9,307.4,52
2014,158,0,20098,Stuart Appleby,5.8,506.9,88
2014,158,0,20593,Greg Chalmers,5.8,443.7,76
2014,158,0,24357,K.J. Choi,5.8,391.7,67
2014,158,0,23135,Tim Clark,5.8,357.0,62
2014,158,0,25720,Chad Collins,5.8,316.5,55
2014,158,0,8075,Jerry Kelly,5.8,401.5,69
2014,158,0,27933,John Merrick,5.8,403.1,69
2014,158,0,27770,Camilo Villegas,5.8,535.9,92
2014,166,0,20104,Ken Duke,5.7,321.4,56
2014,166,0,21731,Freddie Jacobson,5.7,386.3,68
2014,166,0,33122,Russell Knox,5.7,521.3,91
2014,166,0,10860,Justin Leonard,5.7,370.5,65
2014,166,0,27466,Spencer Levin,5.7,278.8,49
2014,166,0,10423,Mike Weir,5.7,297.0,52
2014,172,0,24846,Ricky Barnes,5.6,429.0,76
2014,172,0,25686,Jason Dufner,5.6,224.7,40
2014,172,0,22378,Trevor Immelman,5.6,353.3,63
2014,172,0,30852,Ryo Ishikawa,5.6,315.3,56
2014,176,0,34261,Scott Langley,5.5,432.9,79
2014,176,0,24663,Y.E. Yang,5.5,330.3,60
2013,1,0,27436,Graham DeLaet,6.9,466.1,68
2013,2,0,28089,Jason Day,6.8,312.7,46
2013,2,0,32102,Rickie Fowler,6.8,369.6,54
2013,2,0,34360,Patrick Reed,6.8,432.2,64
2013,2,0,21528,Henrik Stenson,6.8,156.7,23
2013,2,0,27330,Josh Teater,6.8,399.2,59
2013,7,0,20848,Ángel Cabrera,6.7,352.5,53
2013,7,0,27095,Nick Watney,6.7,447.6,67
2013,9,0,33141,Keegan Bradley,6.6,383.9,58
2013,9,0,34021,Bud Cauley,6.6,337.6,51
2013,9,0,12716,Charley Hoffman,6.6,474.6,72
2013,9,0,29420,Billy Horschel,6.6,500.5,76
2013,9,0,24140,Sean O'Hair,6.6,264.1,40
2013,9,0,22913,John Rollins,6.6,427.2,65
2013,15,0,32334,Charlie Beljan,6.5,286.4,44
2013,15,0,35539,Luke Guthrie,6.5,437.9,67
2013,15,0,24924,Bill Haas,6.5,417.0,64
2013,15,0,32448,James Hahn,6.5,403.9,62
2013,15,0,24781,Hunter Mahan,6.5,408.2,63
2013,15,0,28237,Rory McIlroy,6.5,209.1,32
2013,15,0,29289,S.Y. Noh,6.5,368.9,57
2013,15,0,22046,Geoff Ogilvy,6.5,258.7,40
2013,15,0,24361,Pat Perez,6.5,414.5,64
2013,15,0,26679,Kevin Stadler,6.5,449.2,69
2013,15,0,30110,Kyle Stanley,6.5,347.0,53
2013,15,0,33419,Cameron Tringale,6.5,410.7,63
2013,27,0,27895,Jonas Blixt,6.4,425.2,66
2013,27,0,32366,Kevin Chappell,6.4,356.3,56
2013,27,0,23452,Nicolas Colsaerts,6.4,210.9,33
2013,27,0,23541,Ben Crane,6.4,336.9,53
2013,27,0,37273,Derek Ernst,6.4,328.8,51
2013,27,0,28307,Matt Every,6.4,547.1,85
2013,27,0,21209,Sergio Garcia,6.4,223.0,35
2013,27,0,24399,Scott Gardiner,6.4,346.2,54
2013,27,0,20766,Padraig Harrington,6.4,184.8,29
2013,27,0,26758,David Hearn,6.4,458.9,72
2013,27,0,33461,Morgan Hoffmann,6.4,330.8,52
2013,27,0,26300,Matt Jones,6.4,415.3,65
2013,27,0,34409,David Lingmerth,6.4,386.7,60
2013,27,0,24490,George McNeill,6.4,371.6,58
2013,27,0,23320,Ryan Palmer,6.4,385.3,60
2013,27,0,20443,Jin Park,6.4,281.9,44
2013,27,0,29221,Webb Simpson,6.4,389.2,61
2013,27,0,6527,Steve Stricker,6.4,205.1,32
2013,27,0,23325,Vaughn Taylor,6.4,244.7,38
2013,27,0,32150,Michael Thompson,6.4,321.9,50
2013,27,0,28780,Nicholas Thompson,6.4,530.6,83
2013,27,0,25804,Bubba Watson,6.4,266.8,42
2013,27,0,20396,Lee Westwood,6.4,344.3,54
2013,27,0,21878,Mark Wilson,6.4,308.3,48
2013,51,0,10885,Robert Allenby,6.3,294.0,47
2013,51,0,32200,Roberto Castro,6.3,476.5,76
2013,51,0,23638,Brendon de Jonge,6.3,527.8,84
2013,51,0,23983,Luke Donald,6.3,265.6,42
2013,51,0,6522,Ernie Els,6.3,263.2,42
2013,51,0,23353,J.J. Henry,6.3,307.8,49
2013,51,0,27408,Martin Kaymer,6.3,276.5,44
2013,51,0,27936,Martin Laird,6.3,282.4,45
2013,51,0,27503,Steve LeBrun,6.3,313.5,50
2013,51,0,35139,Richard Lee,6.3,425.3,68
2013,51,0,26851,Marc Leishman,6.3,382.6,61
2013,51,0,1724,Jeff Maggert,6.3,344.0,55
2013,51,0,27120,Troy Matteson,6.3,336.2,53
2013,51,0,22056,Cameron Percy,6.3,351.7,56
2013,51,0,27649,Brandt Snedeker,6.3,344.4,55
2013,51,0,29518,Brendan Steele,6.3,448.3,71
2013,51,0,29425,Andrew Svoboda,6.3,227.4,36
2013,51,0,2206,David Toms,6.3,169.3,27
2013,51,0,23623,Bo Van Pelt,6.3,309.0,49
2013,51,0,26951,Johnson Wagner,6.3,312.8,50
2013,71,0,21753,Brian Davis,6.2,535.8,86
2013,71,0,34099,Harris English,6.2,411.1,66
2013,71,0,29740,Brad Fritsch,6.2,428.7,69
2013,71,0,24358,Robert Garrigus,6.2,228.6,37
2013,71,0,22792,Peter Hanson,6.2,206.2,33
2013,71,0,12782,Tim Herron,6.2,237.1,38
2013,71,0,21961,Charles Howell III,6.2,474.8,76
2013,71,0,34174,John Huh,6.2,444.8,72
2013,71,0,8075,Jerry Kelly,6.2,382.9,62
2013,71,0,30926,Chris Kirk,6.2,459.4,74
2013,71,0,30711,Colt Knost,6.2,370.7,60
2013,71,0,36884,Ben Kohles,6.2,372.8,60
2013,71,0,22806,Doug LaBelle II,6.2,354.3,57
2013,71,0,28092,D.H. Lee,6.2,347.2,56
2013,71,0,30163,Henrik Norlander,6.2,321.7,52
2013,71,0,20691,Greg Owen,6.2,383.1,62
2013,71,0,24138,Ian Poulter,6.2,204.4,33
2013,71,0,26476,Chez Reavie,6.2,443.9,72
2013,71,0,22405,Justin Rose,6.2,241.9,39
2013,71,0,26331,Charl Schwartzel,6.2,292.8,47
2013,71,0,20645,John Senden,6.2,358.4,58
2013,71,0,30692,Scott Stallings,6.2,380.7,61
2013,71,0,33418,Shawn Stefani,6.2,252.8,41
2013,71,0,27214,Kevin Streelman,6.2,426.7,69
2013,71,0,31560,Brian Stuard,6.2,403.0,65
2013,71,0,28135,Aaron Watkins,6.2,218.3,35
2013,71,0,31323,Gary Woodland,6.2,327.6,53
2013,71,0,8793,Tiger Woods,6.2,174.1,28
2013,99,0,28259,Sangmoon Bae,6.1,430.1,71
2013,99,0,24507,Jason Bohn,6.1,385.2,63
2013,99,0,29479,Scott Brown,6.1,336.2,55
2013,99,0,20593,Greg Chalmers,6.1,427.6,70
2013,99,0,23409,James Driscoll,6.1,371.3,61
2013,99,0,28500,Martin Flores,6.1,473.2,77
2013,99,0,32698,Bobby Gates,6.1,237.2,39
2013,99,0,19846,Brian Gay,6.1,434.6,71
2013,99,0,27644,Brian Harman,6.1,463.2,76
2013,99,0,34098,Russell Henley,6.1,363.5,60
2013,99,0,24024,Zach Johnson,6.1,402.1,66
2013,99,0,19970,Robert Karlsson,6.1,226.3,37
2013,99,0,22961,David Mathis,6.1,357.6,59
2013,99,0,1810,Phil Mickelson,6.1,141.0,23
2013,99,0,23800,Bryce Molder,6.1,414.8,68
2013,99,0,26596,Ryan Moore,6.1,329.9,54
2013,99,0,28475,Jeff Overton,6.1,419.6,69
2013,99,0,25818,Scott Piercy,6.1,290.8,48
2013,99,0,25336,Alistair Presnell,6.1,268.2,44
2013,99,0,23497,Tag Ridings,6.1,274.9,45
2013,99,0,23621,Rory Sabbatini,6.1,396.4,65
2013,99,0,24502,Adam Scott,6.1,212.7,35
2013,99,0,34046,Jordan Spieth,6.1,413.3,68
2013,99,0,27963,Chris Stroud,6.1,460.5,75
2013,99,0,25834,Daniel Summerhays,6.1,491.7,80
2013,124,0,6004,Stephen Ames,6.0,226.3,38
2013,124,0,22371,Aaron Baddeley,6.0,280.8,47
2013,124,0,24227,Justin Bolli,6.0,258.8,43
2013,124,0,25274,Steven Bowditch,6.0,341.7,57
2013,124,0,20229,Stewart Cink,6.0,238.0,40
2013,124,0,28455,Will Claxton,6.0,324.1,54
2013,124,0,24494,Erik Compton,6.0,336.5,56
2013,124,0,22621,Ben Curtis,6.0,277.9,46
2013,124,0,10809,Jim Furyk,6.0,363.8,61
2013,124,0,8725,Tom Gillis,6.0,346.5,58
2013,124,0,25900,Lucas Glover,6.0,253.0,42
2013,124,0,28679,Fabián Gómez,6.0,322.6,54
2013,124,0,25444,Justin Hicks,6.0,328.2,55
2013,124,0,6573,Brandt Jobe,6.0,302.1,50
2013,124,0,31202,William McGirt,6.0,423.9,71
2013,124,0,25345,Carl Pettersson,6.0,348.9,58
2013,124,0,25562,Andres Romero,6.0,283.9,47
2013,124,0,25632,Jimmy Walker,6.0,428.8,71
2013,124,0,20160,Charlie Wi,6.0,380.7,63
2013,124,0,28310,Lee Williams,6.0,317.7,53
2013,144,0,20098,Stuart Appleby,5.9,429.8,73
2013,144,0,1116,Michael Bradley,5.9,193.4,33
2013,144,0,24357,K.J. Choi,5.9,316.9,54
2013,144,0,25686,Jason Dufner,5.9,372.9,63
2013,144,0,31557,Jim Herman,5.9,207.5,35
2013,144,0,22378,Trevor Immelman,5.9,316.5,54
2013,144,0,30852,Ryo Ishikawa,5.9,314.9,53
2013,144,0,30925,Dustin Johnson,5.9,222.3,38
2013,144,0,30944,Jason Kokrak,5.9,373.7,63
2013,144,0,23108,Matt Kuchar,5.9,414.4,70
2013,144,0,33869,Eric Meierdierks,5.9,214.1,36
2013,144,0,20572,Rod Pampling,5.9,210.9,36
2013,144,0,10213,Dicky Pride,5.9,331.6,56
2013,144,0,22295,Darron Stiles,5.9,236.1,40
2013,144,0,34431,Robert Streb,5.9,343.5,58
2013,144,0,23788,D.J. Trahan,5.9,193.9,33
2013,144,0,26289,Boo Weekley,5.9,505.2,85
2013,144,0,10423,Mike Weir,5.9,247.8,42
2013,162,0,24846,Ricky Barnes,5.8,330.0,57
2013,162,0,12510,Chad Campbell,5.8,381.9,66
2013,162,0,23135,Tim Clark,5.8,222.2,38
2013,162,0,1320,Bob Estes,5.8,285.5,49
2013,162,0,30750,Tommy Gainey,5.8,419.4,72
2013,162,0,10860,Justin Leonard,5.8,421.2,73
2013,162,0,21099,David Lynn,5.8,295.1,51
2013,162,0,25572,Graeme McDowell,5.8,214.5,37
2013,162,0,27933,John Merrick,5.8,365.9,63
2013,162,0,25240,D.A. Points,5.8,368.7,64
2013,162,0,27556,Ted Potter Jr.,5.8,307.2,53
2013,162,0,6567,Vijay Singh,5.8,259.8,45
2013,162,0,26497,Casey Wittenberg,5.8,354.5,61
2013,162,0,24663,Y.E. Yang,5.8,226.6,39
2013,176,0,20104,Ken Duke,5.7,384.6,67
2013,176,0,21731,Freddie Jacobson,5.7,250.5,44
2013,176,0,27129,Luke List,5.7,273.0,48
2013,176,0,27770,Camilo Villegas,5.7,338.3,59
2013,180,0,34261,Scott Langley,5.4,319.3,59
2012,1,0,11123,Chris Couch,6.8,211.5,31
2012,1,0,24924,Bill Haas,6.8,394.3,58
2012,1,0,27141,J.B. Holmes,6.8,428.0,63
2012,1,0,30110,Kyle Stanley,6.8,321.9,47
2012,5,0,32102,Rickie Fowler,6.7,344.0,51
2012,5,0,12716,Charley Hoffman,6.7,485.5,73
2012,5,0,19970,Robert Karlsson,6.7,247.6,37
2012,5,0,23320,Ryan Palmer,6.7,431.9,64
2012,5,0,27330,Josh Teater,6.7,493.4,74
2012,10,0,33141,Keegan Bradley,6.6,371.6,56
2012,10,0,20848,Ángel Cabrera,6.6,183.5,28
2012,10,0,27436,Graham DeLaet,6.6,411.2,62
2012,10,0,27120,Troy Matteson,6.6,414.2,63
2012,10,0,1766,Billy Mayfair,6.6,432.6,66
2012,10,0,24490,George McNeill,6.6,349.1,53
2012,10,0,26329,Louis Oosthuizen,6.6,322.4,49
2012,10,0,20645,John Senden,6.6,380.3,58
2012,10,0,21878,Mark Wilson,6.6,412.9,63
2012,19,0,24925,Jonathan Byrd,6.5,277.9,43
2012,19,0,21805,Harrison Frazar,6.5,248.7,38
2012,19,0,29420,Billy Horschel,6.5,266.8,41
2012,19,0,26851,Marc Leishman,6.5,379.3,58
2012,19,0,24940,Edward Loar,6.5,219.6,34
2012,19,0,1706,Davis Love III,6.5,219.5,34
2012,19,0,27302,Garth Mulroy,6.5,245.9,38
2012,19,0,29289,S.Y. Noh,6.5,453.4,70
2012,19,0,27649,Brandt Snedeker,6.5,390.1,60
2012,19,0,29518,Brendan Steele,6.5,364.9,56
2012,19,0,25804,Bubba Watson,6.5,313.1,48
2012,30,0,32334,Charlie Beljan,6.4,223.7,35
2012,30,0,32200,Roberto Castro,6.4,408.4,64
2012,30,0,34021,Bud Cauley,6.4,542.4,85
2012,30,0,22621,Ben Curtis,6.4,315.1,49
2012,30,0,24358,Robert Garrigus,6.4,378.1,59
2012,30,0,26758,David Hearn,6.4,449.1,70
2012,30,0,27936,Martin Laird,6.4,270.5,42
2012,30,0,28237,Rory McIlroy,6.4,211.0,33
2012,30,0,25396,Kevin Na,6.4,345.7,54
2012,30,0,22046,Geoff Ogilvy,6.4,294.0,46
2012,30,0,28475,Jeff Overton,6.4,514.9,81
2012,30,0,25818,Scott Piercy,6.4,419.7,66
2012,30,0,26476,Chez Reavie,6.4,364.3,57
2012,30,0,27214,Kevin Streelman,6.4,445.7,70
2012,30,0,32150,Michael Thompson,6.4,384.4,60
2012,30,0,33419,Cameron Tringale,6.4,433.8,68
2012,30,0,23623,Bo Van Pelt,6.4,372.7,58
2012,47,0,22371,Aaron Baddeley,6.3,278.5,44
2012,47,0,28087,Kris Blanks,6.3,296.8,47
2012,47,0,27895,Jonas Blixt,6.3,357.8,57
2012,47,0,23541,Ben Crane,6.3,370.5,59
2012,47,0,28089,Jason Day,6.3,250.9,40
2012,47,0,23983,Luke Donald,6.3,291.6,46
2012,47,0,6522,Ernie Els,6.3,351.0,56
2012,47,0,32698,Bobby Gates,6.3,366.7,58
2012,47,0,20766,Padraig Harrington,6.3,215.1,34
2012,47,0,21961,Charles Howell III,6.3,365.6,58
2012,47,0,30926,Chris Kirk,6.3,458.2,73
2012,47,0,29478,Kevin Kisner,6.3,275.6,44
2012,47,0,23548,Bill Lunde,6.3,370.3,59
2012,47,0,24781,Hunter Mahan,6.3,359.1,57
2012,47,0,1810,Phil Mickelson,6.3,341.3,54
2012,47,0,24361,Pat Perez,6.3,333.3,53
2012,47,0,24138,Ian Poulter,6.3,250.2,40
2012,47,0,10213,Dicky Pride,6.3,297.2,47
2012,47,0,29476,Kyle Reifers,6.3,363.9,58
2012,47,0,22913,John Rollins,6.3,421.9,67
2012,47,0,24502,Adam Scott,6.3,232.0,37
2012,47,0,29221,Webb Simpson,6.3,364.4,58
2012,47,0,26679,Kevin Stadler,6.3,322.6,51
2012,47,0,21528,Henrik Stenson,6.3,87.5,14
2012,47,0,27064,Jhonattan Vegas,6.3,359.3,57
2012,47,0,27095,Nick Watney,6.3,442.8,70
2012,47,0,20396,Lee Westwood,6.3,251.5,40
2012,47,0,8793,Tiger Woods,6.3,219.1,35
2012,75,0,10885,Robert Allenby,6.2,324.1,52
2012,75,0,33120,Mark Anderson,6.2,274.0,44
2012,75,0,32366,Kevin Chappell,6.2,414.1,67
2012,75,0,20850,Daniel Chopra,6.2,230.6,37
2012,75,0,1249,John Daly,6.2,161.3,26
2012,75,0,23638,Brendon de Jonge,6.2,520.5,84
2012,75,0,34099,Harris English,6.2,463.8,75
2012,75,0,28500,Martin Flores,6.2,379.0,61
2012,75,0,21209,Sergio Garcia,6.2,271.7,44
2012,75,0,20574,Mathew Goggin,6.2,299.5,48
2012,75,0,30852,Ryo Ishikawa,6.2,148.2,24
2012,75,0,6573,Brandt Jobe,6.2,197.1,32
2012,75,0,30925,Dustin Johnson,6.2,212.1,34
2012,75,0,8075,Jerry Kelly,6.2,437.3,71
2012,75,0,35139,Richard Lee,6.2,278.6,45
2012,75,0,1797,Rocco Mediate,6.2,334.8,54
2012,75,0,23800,Bryce Molder,6.2,392.5,63
2012,75,0,25562,Andres Romero,6.2,292.0,47
2012,75,0,22405,Justin Rose,6.2,290.3,47
2012,75,0,6567,Vijay Singh,6.2,407.7,66
2012,75,0,30692,Scott Stallings,6.2,352.0,57
2012,75,0,23325,Vaughn Taylor,6.2,327.5,53
2012,75,0,30927,Brendon Todd,6.2,322.4,52
2012,75,0,25632,Jimmy Walker,6.2,402.0,65
2012,99,0,23542,Tommy Biershenk,6.1,315.7,52
2012,99,0,24507,Jason Bohn,6.1,358.2,59
2012,99,0,29479,Scott Brown,6.1,256.2,42
2012,99,0,20229,Stewart Cink,6.1,227.1,37
2012,99,0,24494,Erik Compton,6.1,309.2,51
2012,99,0,28307,Matt Every,6.1,319.2,52
2012,99,0,23353,J.J. Henry,6.1,284.4,47
2012,99,0,12782,Tim Herron,6.1,420.5,69
2012,99,0,24024,Zach Johnson,6.1,418.0,68
2012,99,0,30711,Colt Knost,6.1,374.1,61
2012,99,0,27797,Derek Lamely,6.1,298.8,49
2012,99,0,27933,John Merrick,6.1,361.7,59
2012,99,0,26596,Ryan Moore,6.1,464.7,76
2012,99,0,24140,Sean O'Hair,6.1,374.6,61
2012,99,0,20691,Greg Owen,6.1,347.2,57
2012,99,0,22293,Heath Slocum,6.1,406.9,67
2012,99,0,6527,Steve Stricker,6.1,281.6,46
2012,99,0,26287,Roland Thatcher,6.1,214.7,35
2012,117,0,21407,Arjun Atwal,6.0,340.8,57
2012,117,0,12510,Chad Campbell,6.0,403.8,67
2012,117,0,28093,Miguel Angel Carballo,6.0,271.7,45
2012,117,0,21753,Brian Davis,6.0,449.6,75
2012,117,0,6034,Marco Dawson,6.0,232.7,39
2012,117,0,23409,James Driscoll,6.0,350.4,58
2012,117,0,25686,Jason Dufner,6.0,373.4,62
2012,117,0,1320,Bob Estes,6.0,308.0,51
2012,117,0,30750,Tommy Gainey,6.0,484.2,81
2012,117,0,19846,Brian Gay,6.0,428.2,71
2012,117,0,21731,Freddie Jacobson,6.0,220.3,37
2012,117,0,26300,Matt Jones,6.0,216.3,36
2012,117,0,27974,Sung Kang,6.0,295.5,49
2012,117,0,23108,Matt Kuchar,6.0,409.1,68
2012,117,0,29926,Danny Lee,6.0,287.6,48
2012,117,0,1724,Jeff Maggert,6.0,405.8,68
2012,117,0,27060,John Mallinger,6.0,350.8,58
2012,117,0,25572,Graeme McDowell,6.0,235.5,39
2012,117,0,20572,Rod Pampling,6.0,364.8,61
2012,117,0,1941,Tom Pernice Jr.,6.0,290.2,48
2012,117,0,25457,Alexandre Rocha,6.0,268.6,45
2012,117,0,26331,Charl Schwartzel,6.0,198.5,33
2012,117,0,27963,Chris Stroud,6.0,380.4,63
2012,117,0,25834,Daniel Summerhays,6.0,352.5,59
2012,117,0,26951,Johnson Wagner,6.0,415.8,69
2012,117,0,25892,Steve Wheatcroft,6.0,216.2,36
2012,117,0,20160,Charlie Wi,6.0,354.4,59
2012,117,0,31323,Gary Woodland,6.0,235.1,39
2012,145,0,29910,Blake Adams,5.9,318.6,54
2012,145,0,20098,Stuart Appleby,5.9,326.5,55
2012,145,0,28259,Sangmoon Bae,5.9,329.4,56
2012,145,0,20070,Matt Bettencourt,5.9,257.5,44
2012,145,0,1116,Michael Bradley,5.9,194.8,33
2012,145,0,20593,Greg Chalmers,5.9,421.3,72
2012,145,0,24357,K.J. Choi,5.9,281.4,48
2012,145,0,23204,Gary Christian,5.9,328.3,56
2012,145,0,23135,Tim Clark,5.9,277.4,47
2012,145,0,28455,Will Claxton,5.9,450.0,76
2012,145,0,6251,Chris DiMarco,5.9,350.0,59
2012,145,0,20104,Ken Duke,5.9,455.8,77
2012,145,0,10809,Jim Furyk,5.9,340.3,58
2012,145,0,8725,Tom Gillis,5.9,384.1,65
2012,145,0,34174,John Huh,5.9,459.9,78
2012,145,0,21350,Ryuji Imada,5.9,316.6,54
2012,145,0,28308,Troy Kelly,5.9,241.0,41
2012,145,0,22961,David Mathis,5.9,346.4,59
2012,145,0,31202,William McGirt,5.9,445.2,75
2012,145,0,25240,D.A. Points,5.9,408.3,69
2012,145,0,27556,Ted Potter Jr.,5.9,326.4,55
2012,145,0,23621,Rory Sabbatini,5.9,389.6,66
2012,145,0,26289,Boo Weekley,5.9,308.8,52
2012,145,0,24663,Y.E. Yang,5.9,225.4,38
2012,169,0,6004,Stephen Ames,5.8,168.7,29
2012,169,0,12652,Cameron Beckman,5.8,363.0,63
2012,169,0,6036,Scott Dunlap,5.8,237.3,41
2012,169,0,23903,Stephen Gangluff,5.8,207.9,36
2012,169,0,27644,Brian Harman,5.8,495.9,85
2012,169,0,29222,Billy Hurley III,5.8,276.3,48
2012,169,0,31558,J.J. Killeen,5.8,352.1,61
2012,169,0,33122,Russell Knox,5.8,289.7,50
2012,169,0,27466,Spencer Levin,5.8,316.4,55
2012,169,0,25345,Carl Pettersson,5.8,432.2,74
2012,169,0,22582,Kyle Thompson,5.8,179.6,31
2012,169,0,2206,David Toms,5.8,224.6,39
2012,169,0,23788,D.J. Trahan,5.8,277.9,48
2012,182,0,24846,Ricky Barnes,5.7,396.4,69
2012,182,0,23718,Nathan Green,5.7,237.8,42
2012,182,0,30944,Jason Kokrak,5.7,319.9,56
2012,182,0,10860,Justin Leonard,5.7,308.4,54
2012,182,0,22548,Patrick Sheehan,5.7,194.2,34
2012,187,0,24604,Hunter Haas,5.6,253.0,45
2012,187,0,22378,Trevor Immelman,5.6,275.7,49
2012,187,0,22348,Nick O'Hern,5.6,291.5,52
2012,187,0,27770,Camilo Villegas,5.6,376.0,67
2012,191,0,20623,Gavin Coles,5.5,253.2,46
2011,1,0,27141,J.B. Holmes,7.2,295.4,41
2011,2,0,20848,Ángel Cabrera,6.9,178.4,26
2011,2,0,11123,Chris Couch,6.9,303.0,44
2011,2,0,21805,Harrison Frazar,6.9,254.0,37
2011,5,0,32102,Rickie Fowler,6.8,409.2,60
2011,5,0,1766,Billy Mayfair,6.8,503.7,74
2011,5,0,26287,Roland Thatcher,6.8,320.8,47
2011,8,0,33141,Keegan Bradley,6.7,412.8,62
2011,8,0,24924,Bill Haas,6.7,444.9,66
2011,8,0,30946,Alex Prugh,6.7,403.5,60
2011,8,0,26679,Kevin Stadler,6.7,385.9,58
2011,8,0,29518,Brendan Steele,6.7,459.6,69
2011,8,0,27330,Josh Teater,6.7,428.2,64
2011,8,0,21878,Mark Wilson,6.7,496.8,74
2011,15,0,23541,Ben Crane,6.6,387.8,59
2011,15,0,12716,Charley Hoffman,6.6,461.4,70
2011,15,0,1706,Davis Love III,6.6,252.5,38
2011,15,0,33413,Ben Martin,6.6,283.9,43
2011,15,0,31401,Zack Miller,6.6,331.6,50
2011,15,0,28486,Michael Putnam,6.6,271.5,41
2011,15,0,26476,Chez Reavie,6.6,466.8,71
2011,15,0,22913,John Rollins,6.6,447.4,68
2011,15,0,26331,Charl Schwartzel,6.6,224.1,34
2011,15,0,30110,Kyle Stanley,6.6,445.9,68
2011,15,0,34072,Will Strickler,6.6,219.2,33
2011,15,0,27064,Jhonattan Vegas,6.6,401.0,61
2011,27,0,7867,Woody Austin,6.5,245.2,38
2011,27,0,25274,Steven Bowditch,6.5,405.5,62
2011,27,0,24925,Jonathan Byrd,6.5,388.4,60
2011,27,0,24358,Robert Garrigus,6.5,325.3,50
2011,27,0,28679,Fabián Gómez,6.5,305.5,47
2011,27,0,20157,Retief Goosen,6.5,219.9,34
2011,27,0,26758,David Hearn,6.5,424.4,65
2011,27,0,29420,Billy Horschel,6.5,361.7,56
2011,27,0,27974,Sung Kang,6.5,239.1,37
2011,27,0,19970,Robert Karlsson,6.5,260.6,40
2011,27,0,29478,Kevin Kisner,6.5,300.5,46
2011,27,0,28158,Steve Marino,6.5,399.4,61
2011,27,0,10585,Scott McCarron,6.5,307.4,47
2011,27,0,24490,George McNeill,6.5,323.6,50
2011,27,0,1810,Phil Mickelson,6.5,293.0,45
2011,27,0,22046,Geoff Ogilvy,6.5,330.9,51
2011,27,0,23320,Ryan Palmer,6.5,356.2,55
2011,27,0,24361,Pat Perez,6.5,376.0,58
2011,27,0,25818,Scott Piercy,6.5,331.7,51
2011,27,0,24502,Adam Scott,6.5,299.0,46
2011,27,0,6567,Vijay Singh,6.5,455.9,70
2011,27,0,27214,Kevin Streelman,6.5,390.5,60
2011,27,0,23325,Vaughn Taylor,6.5,477.3,73
2011,50,0,22371,Aaron Baddeley,6.4,349.6,55
2011,50,0,20498,Briny Baird,6.4,249.3,39
2011,50,0,34255,Joseph Bramlett,6.4,319.6,50
2011,50,0,20472,Alex Cejka,6.4,267.8,42
2011,50,0,28089,Jason Day,6.4,288.7,45
2011,50,0,23983,Luke Donald,6.4,290.0,45
2011,50,0,30750,Tommy Gainey,6.4,507.8,79
2011,50,0,25900,Lucas Glover,6.4,337.1,53
2011,50,0,23353,J.J. Henry,6.4,458.3,72
2011,50,0,6573,Brandt Jobe,6.4,434.5,68
2011,50,0,30925,Dustin Johnson,6.4,273.5,43
2011,50,0,26300,Matt Jones,6.4,325.0,51
2011,50,0,8075,Jerry Kelly,6.4,425.4,66
2011,50,0,27936,Martin Laird,6.4,363.5,57
2011,50,0,27797,Derek Lamely,6.4,273.3,43
2011,50,0,26851,Marc Leishman,6.4,449.1,70
2011,50,0,23548,Bill Lunde,6.4,441.8,69
2011,50,0,26881,Jarrod Lyle,6.4,375.1,59
2011,50,0,27933,John Merrick,6.4,332.3,52
2011,50,0,21949,Joe Ogilvie,6.4,307.4,48
2011,50,0,31193,Jim Renner,6.4,305.7,48
2011,50,0,23497,Tag Ridings,6.4,350.5,55
2011,50,0,20645,John Senden,6.4,482.0,75
2011,50,0,30692,Scott Stallings,6.4,425.4,66
2011,50,0,6527,Steve Stricker,6.4,351.0,55
2011,50,0,23623,Bo Van Pelt,6.4,415.7,65
2011,50,0,27095,Nick Watney,6.4,394.7,62
2011,50,0,25804,Bubba Watson,6.4,320.8,50
2011,50,0,12602,Dean Wilson,6.4,295.1,46
2011,79,0,10885,Robert Allenby,6.3,411.3,65
2011,79,0,32366,Kevin Chappell,6.3,348.7,55
2011,79,0,22621,Ben Curtis,6.3,354.8,56
2011,79,0,21753,Brian Davis,6.3,522.6,83
2011,79,0,23638,Brendon de Jonge,6.3,535.8,85
2011,79,0,23409,James Driscoll,6.3,321.2,51
2011,79,0,32698,Bobby Gates,6.3,333.7,53
2011,79,0,20766,Padraig Harrington,6.3,240.0,38
2011,79,0,12782,Tim Herron,6.3,398.8,63
2011,79,0,25444,Justin Hicks,6.3,237.5,38
2011,79,0,21350,Ryuji Imada,6.3,452.7,72
2011,79,0,1577,Lee Janzen,6.3,265.3,42
2011,79,0,26420,Richard Johnson,6.3,287.7,46
2011,79,0,24781,Hunter Mahan,6.3,463.5,73
2011,79,0,27120,Troy Matteson,6.3,416.0,66
2011,79,0,27939,Matt McQuillan,6.3,219.5,35
2011,79,0,1797,Rocco Mediate,6.3,257.0,41
2011,79,0,28475,Jeff Overton,6.3,415.0,66
2011,79,0,25240,D.A. Points,6.3,402.3,64
2011,79,0,28620,Aron Price,6.3,266.4,42
2011,79,0,25457,Alexandre Rocha,6.3,244.0,39
2011,79,0,29221,Webb Simpson,6.3,507.4,80
2011,79,0,22293,Heath Slocum,6.3,443.8,70
2011,79,0,27649,Brandt Snedeker,6.3,406.3,64
2011,79,0,8375,Paul Stankowski,6.3,328.6,52
2011,79,0,26668,Marc Turnesa,6.3,214.4,34
2011,79,0,26951,Johnson Wagner,6.3,416.1,66
2011,79,0,20160,Charlie Wi,6.3,402.5,64
2011,79,0,31323,Gary Woodland,6.3,288.1,46
2011,108,0,23614,Rich Beem,6.2,253.6,41
2011,108,0,28087,Kris Blanks,6.2,455.8,74
2011,108,0,24507,Jason Bohn,6.2,389.8,63
2011,108,0,1116,Michael Bradley,6.2,326.4,53
2011,108,0,24290,D.J. Brigman,6.2,259.8,42
2011,108,0,12510,Chad Campbell,6.2,432.6,70
2011,108,0,9011,David Duval,6.2,290.0,47
2011,108,0,6522,Ernie Els,6.2,311.8,50
2011,108,0,10733,Kent Jones,6.2,349.3,56
2011,108,0,30926,Chris Kirk,6.2,426.3,69
2011,108,0,22961,David Mathis,6.2,342.4,55
2011,108,0,32640,Troy Merritt,6.2,285.5,46
2011,108,0,23800,Bryce Molder,6.2,352.9,57
2011,108,0,24140,Sean O'Hair,6.2,262.0,42
2011,108,0,32876,Martin Piller,6.2,258.5,42
2011,108,0,24138,Ian Poulter,6.2,241.0,39
2011,108,0,25562,Andres Romero,6.2,380.1,61
2011,108,0,22405,Justin Rose,6.2,380.2,61
2011,108,0,27963,Chris Stroud,6.2,443.8,72
2011,108,0,23788,D.J. Trahan,6.2,409.1,66
2011,108,0,33419,Cameron Tringale,6.2,539.4,87
2011,108,0,25632,Jimmy Walker,6.2,339.4,55
2011,108,0,26289,Boo Weekley,6.2,301.7,49
2011,131,0,29910,Blake Adams,6.1,452.1,74
2011,131,0,6004,Stephen Ames,6.1,287.6,47
2011,131,0,12652,Cameron Beckman,6.1,341.4,56
2011,131,0,24357,K.J. Choi,6.1,345.2,57
2011,131,0,23673,Michael Connell,6.1,410.9,67
2011,131,0,6251,Chris DiMarco,6.1,428.5,70
2011,131,0,6621,Joe Durant,6.1,295.0,48
2011,131,0,1313,Steve Elkington,6.1,208.5,34
2011,131,0,29720,Andres Gonzales,6.1,251.7,41
2011,131,0,24980,Scott Gutschewski,6.1,268.0,44
2011,131,0,21961,Charles Howell III,6.1,500.5,82
2011,131,0,22378,Trevor Immelman,6.1,291.1,48
2011,131,0,24024,Zach Johnson,6.1,392.9,64
2011,131,0,35087,Bio Kim,6.1,269.3,44
2011,131,0,30711,Colt Knost,6.1,350.3,57
2011,131,0,27466,Spencer Levin,6.1,491.0,81
2011,131,0,25572,Graeme McDowell,6.1,208.8,34
2011,131,0,31202,William McGirt,6.1,516.1,84
2011,131,0,26596,Ryan Moore,6.1,345.5,57
2011,131,0,25396,Kevin Na,6.1,297.3,49
2011,131,0,23621,Rory Sabbatini,6.1,316.9,52
2011,131,0,20436,Garrett Willis,6.1,254.5,42
2011,153,0,20098,Stuart Appleby,6.0,314.1,52
2011,153,0,21407,Arjun Atwal,6.0,412.3,69
2011,153,0,20593,Greg Chalmers,6.0,388.7,65
2011,153,0,20229,Stewart Cink,6.0,259.5,43
2011,153,0,25686,Jason Dufner,6.0,337.1,56
2011,153,0,7457,Steve Flesch,6.0,356.9,59
2011,153,0,21209,Sergio Garcia,6.0,233.7,39
2011,153,0,6643,Paul Goydos,6.0,368.2,61
2011,153,0,29718,Anthony Kim,6.0,322.1,54
2011,153,0,23108,Matt Kuchar,6.0,408.3,68
2011,153,0,20572,Rod Pampling,6.0,270.0,45
2011,153,0,1948,Tim Petrovic,6.0,395.7,66
2011,153,0,33911,Nate Smith,6.0,268.8,45
2011,153,0,25834,Daniel Summerhays,6.0,306.3,51
2011,153,0,32150,Michael Thompson,6.0,291.9,49
2011,153,0,24663,Y.E. Yang,6.0,241.0,40
2011,169,0,20070,Matt Bettencourt,5.9,397.7,67
2011,169,0,10809,Jim Furyk,5.9,370.8,63
2011,169,0,19846,Brian Gay,5.9,399.9,68
2011,169,0,23718,Nathan Green,5.9,320.6,54
2011,169,0,24604,Hunter Haas,5.9,432.1,73
2011,169,0,8537,J.P. Hayes,5.9,234.4,40
2011,169,0,31557,Jim Herman,5.9,265.2,45
2011,169,0,10860,Justin Leonard,5.9,324.1,55
2011,169,0,6515,Shaun Micheel,5.9,299.8,51
2011,169,0,22348,Nick O'Hern,5.9,336.0,57
2011,169,0,20127,Chris Riley,5.9,316.7,54
2011,169,0,2206,David Toms,5.9,325.9,55
2011,181,0,8725,Tom Gillis,5.8,283.9,49
2011,181,0,25345,Carl Pettersson,5.8,473.3,81
2011,181,0,27770,Camilo Villegas,5.8,291.9,50
2011,184,0,24846,Ricky Barnes,5.7,309.2,54
2011,184,0,21731,Freddie Jacobson,5.7,344.4,60
2011,186,0,10505,Shane Bertsch,5.4,231.3,43
2010,1,0,27141,J.B. Holmes,6.9,467.5,68
2010,1,0,21959,Ted Purdy,6.9,404.9,59
2010,3,0,11123,Chris Couch,6.8,293.3,43
2010,3,0,1706,Davis Love III,6.8,403.6,59
2010,3,0,8375,Paul Stankowski,6.8,251.2,37
2010,3,0,23349,Charles Warren,6.8,279.1,41
2010,7,0,24925,Jonathan Byrd,6.7,472.7,71
2010,7,0,23541,Ben Crane,6.7,462.0,69
2010,7,0,20766,Padraig Harrington,6.7,312.7,47
2010,7,0,27797,Derek Lamely,6.7,375.0,56
2010,7,0,26851,Marc Leishman,6.7,461.4,69
2010,7,0,27120,Troy Matteson,6.7,462.0,69
2010,7,0,27302,Garth Mulroy,6.7,241.7,36
2010,7,0,6595,Kevin Sutherland,6.7,473.2,71
2010,15,0,27436,Graham DeLaet,6.6,317.2,48
2010,15,0,23983,Luke Donald,6.6,375.3,57
2010,15,0,32102,Rickie Fowler,6.6,533.5,81
2010,15,0,28158,Steve Marino,6.6,443.9,67
2010,15,0,28237,Rory McIlroy,6.6,264.0,40
2010,15,0,22046,Geoff Ogilvy,6.6,363.8,55
2010,15,0,23320,Ryan Palmer,6.6,456.7,69
2010,15,0,27330,Josh Teater,6.6,514.9,78
2010,15,0,25632,Jimmy Walker,6.6,360.5,55
2010,24,0,7867,Woody Austin,6.5,431.0,66
2010,24,0,22371,Aaron Baddeley,6.5,515.7,79
2010,24,0,20472,Alex Cejka,6.5,384.6,59
2010,24,0,21209,Sergio Garcia,6.5,221.5,34
2010,24,0,20574,Mathew Goggin,6.5,346.6,53
2010,24,0,20157,Retief Goosen,6.5,311.8,48
2010,24,0,12716,Charley Hoffman,6.5,480.2,74
2010,24,0,1810,Phil Mickelson,6.5,292.7,45
2010,24,0,21949,Joe Ogilvie,6.5,500.9,77
2010,24,0,20663,Brenden Pappas,6.5,258.7,40
2010,24,0,25818,Scott Piercy,6.5,385.0,59
2010,24,0,30946,Alex Prugh,6.5,441.0,68
2010,24,0,7749,Brett Quigley,6.5,464.8,72
2010,24,0,22913,John Rollins,6.5,460.3,71
2010,24,0,24502,Adam Scott,6.5,376.6,58
2010,24,0,6567,Vijay Singh,6.5,381.7,59
2010,24,0,27214,Kevin Streelman,6.5,453.5,70
2010,24,0,21878,Mark Wilson,6.5,445.6,69
2010,42,0,20098,Stuart Appleby,6.4,549.3,86
2010,42,0,25364,Paul Casey,6.4,218.3,34
2010,42,0,20850,Daniel Chopra,6.4,364.8,57
2010,42,0,20229,Stewart Cink,6.4,422.2,66
2010,42,0,22621,Ben Curtis,6.4,426.1,67
2010,42,0,1249,John Daly,6.4,178.2,28
2010,42,0,23353,J.J. Henry,6.4,445.6,70
2010,42,0,1577,Lee Janzen,6.4,362.6,57
2010,42,0,30925,Dustin Johnson,6.4,395.4,62
2010,42,0,26300,Matt Jones,6.4,470.2,73
2010,42,0,23548,Bill Lunde,6.4,371.6,58
2010,42,0,24912,Will MacKenzie,6.4,375.8,59
2010,42,0,1766,Billy Mayfair,6.4,340.4,53
2010,42,0,22122,Andrew McLardy,6.4,197.7,31
2010,42,0,27933,John Merrick,6.4,534.8,83
2010,42,0,20691,Greg Owen,6.4,381.7,60
2010,42,0,22056,Cameron Percy,6.4,321.8,50
2010,42,0,25562,Andres Romero,6.4,399.7,62
2010,42,0,26882,Michael Sim,6.4,308.9,48
2010,42,0,22293,Heath Slocum,6.4,499.4,78
2010,42,0,26679,Kevin Stadler,6.4,389.1,61
2010,42,0,26287,Roland Thatcher,6.4,384.1,60
2010,42,0,28780,Nicholas Thompson,6.4,423.2,66
2010,42,0,33419,Cameron Tringale,6.4,244.2,38
2010,66,0,10885,Robert Allenby,6.3,357.4,57
2010,66,0,1161,Mark Calcavecchia,6.3,245.3,39
2010,66,0,23673,Michael Connell,6.3,433.7,69
2010,66,0,6251,Chris DiMarco,6.3,390.8,62
2010,66,0,23409,James Driscoll,6.3,381.4,61
2010,66,0,6621,Joe Durant,6.3,282.1,45
2010,66,0,24924,Bill Haas,6.3,469.2,75
2010,66,0,12782,Tim Herron,6.3,363.4,58
2010,66,0,21350,Ryuji Imada,6.3,507.6,80
2010,66,0,26881,Jarrod Lyle,6.3,251.9,40
2010,66,0,10585,Scott McCarron,6.3,456.1,72
2010,66,0,24490,George McNeill,6.3,359.9,57
2010,66,0,1797,Rocco Mediate,6.3,347.1,55
2010,66,0,1941,Tom Pernice Jr.,6.3,276.5,44
2010,66,0,25240,D.A. Points,6.3,443.3,70
2010,66,0,22405,Justin Rose,6.3,406.8,65
2010,66,0,27649,Brandt Snedeker,6.3,492.4,78
2010,66,0,6527,Steve Stricker,6.3,396.7,63
2010,66,0,27963,Chris Stroud,6.3,369.0,59
2010,66,0,23307,Roger Tambellini,6.3,351.1,56
2010,66,0,23325,Vaughn Taylor,6.3,432.4,69
2010,66,0,23788,D.J. Trahan,6.3,497.8,79
2010,66,0,23623,Bo Van Pelt,6.3,501.6,79
2010,66,0,26289,Boo Weekley,6.3,440.8,70
2010,66,0,26392,Chris Wilson,6.3,276.1,44
2010,91,0,29910,Blake Adams,6.2,422.3,68
2010,91,0,23613,Rich Barcelo,6.2,295.2,48
2010,91,0,24507,Jason Bohn,6.2,476.8,77
2010,91,0,21753,Brian Davis,6.2,461.9,74
2010,91,0,23638,Brendon de Jonge,6.2,554.7,90
2010,91,0,25686,Jason Dufner,6.2,388.3,63
2010,91,0,9011,David Duval,6.2,242.3,39
2010,91,0,1313,Steve Elkington,6.2,315.0,51
2010,91,0,28307,Matt Every,6.2,261.6,42
2010,91,0,28500,Martin Flores,6.2,333.3,54
2010,91,0,20105,Jeff Gove,6.2,215.6,35
2010,91,0,20378,Mathias Grönberg,6.2,230.7,37
2010,91,0,24024,Zach Johnson,6.2,480.6,78
2010,91,0,8075,Jerry Kelly,6.2,454.8,73
2010,91,0,27936,Martin Laird,6.2,450.9,73
2010,91,0,26695,Michael Letzig,6.2,428.7,69
2010,91,0,27466,Spencer Levin,6.2,506.3,82
2010,91,0,24781,Hunter Mahan,6.2,459.9,74
2010,91,0,32640,Troy Merritt,6.2,403.9,65
2010,91,0,24140,Sean O'Hair,6.2,405.2,65
2010,91,0,28475,Jeff Overton,6.2,402.1,65
2010,91,0,24361,Pat Perez,6.2,459.3,74
2010,91,0,24138,Ian Poulter,6.2,228.7,37
2010,91,0,28620,Aron Price,6.2,299.0,48
2010,91,0,23621,Rory Sabbatini,6.2,322.0,52
2010,91,0,20645,John Senden,6.2,512.3,82
2010,91,0,31560,Brian Stuard,6.2,412.2,67
2010,91,0,12714,Chris Tidland,6.2,369.6,60
2010,91,0,2206,David Toms,6.2,413.2,67
2010,91,0,27095,Nick Watney,6.2,433.8,70
2010,91,0,23322,Brett Wetterich,6.2,234.8,38
2010,122,0,20498,Briny Baird,6.1,408.3,67
2010,122,0,12652,Cameron Beckman,6.1,329.0,54
2010,122,0,28087,Kris Blanks,6.1,417.5,68
2010,122,0,1116,Michael Bradley,6.1,285.5,47
2010,122,0,20848,Ángel Cabrera,6.1,328.3,54
2010,122,0,28089,Jason Day,6.1,385.0,63
2010,122,0,7457,Steve Flesch,6.1,315.4,52
2010,122,0,24358,Robert Garrigus,6.1,255.6,42
2010,122,0,1707,Steve Lowery,6.1,282.0,46
2010,122,0,23800,Bryce Molder,6.1,423.8,69
2010,122,0,26596,Ryan Moore,6.1,371.9,61
2010,122,0,20572,Rod Pampling,6.1,365.0,60
2010,122,0,1945,Kenny Perry,6.1,361.0,59
2010,122,0,1948,Tim Petrovic,6.1,482.9,79
2010,122,0,25345,Carl Pettersson,6.1,543.1,89
2010,122,0,29221,Webb Simpson,6.1,525.1,86
2010,122,0,20686,Jeev Milkha Singh,6.1,206.0,34
2010,122,0,32617,Jerod Turner,6.1,226.0,37
2010,122,0,12755,Vance Veazey,6.1,244.8,40
2010,122,0,25804,Bubba Watson,6.1,378.2,62
2010,122,0,20160,Charlie Wi,6.1,467.9,77
2010,122,0,20436,Garrett Willis,6.1,390.4,64
2010,144,0,20070,Matt Bettencourt,6.0,304.1,51
2010,144,0,24227,Justin Bolli,6.0,222.4,37
2010,144,0,20593,Greg Chalmers,6.0,512.2,86
2010,144,0,25720,Chad Collins,6.0,442.0,74
2010,144,0,10809,Jim Furyk,6.0,410.5,68
2010,144,0,19846,Brian Gay,6.0,511.0,85
2010,144,0,23718,Nathan Green,6.0,394.8,66
2010,144,0,8537,J.P. Hayes,6.0,386.1,64
2010,144,0,21961,Charles Howell III,6.0,512.9,86
2010,144,0,26420,Richard Johnson,6.0,329.5,55
2010,144,0,6012,Greg Kraft,6.0,198.2,33
2010,144,0,23108,Matt Kuchar,6.0,457.3,76
2010,144,0,1724,Jeff Maggert,6.0,352.0,59
2010,144,0,27060,John Mallinger,6.0,293.7,49
2010,144,0,8385,Omar Uresti,6.0,323.6,54
2010,144,0,25892,Steve Wheatcroft,6.0,275.4,46
2010,144,0,10425,Jay Williamson,6.0,315.9,53
2010,161,0,6004,Stephen Ames,5.9,332.1,56
2010,161,0,24846,Ricky Barnes,5.9,451.2,76
2010,161,0,7363,Craig Bowden,5.9,219.9,37
2010,161,0,12510,Chad Campbell,5.9,416.1,70
2010,161,0,24357,K.J. Choi,5.9,354.1,60
2010,161,0,6522,Ernie Els,5.9,342.6,58
2010,161,0,8725,Tom Gillis,5.9,492.7,84
2010,161,0,25900,Lucas Glover,5.9,333.2,56
2010,161,0,6643,Paul Goydos,5.9,390.0,66
2010,161,0,21731,Freddie Jacobson,5.9,428.0,73
2010,161,0,6514,Kevin Johnson,5.9,249.2,42
2010,161,0,1619,Skip Kendall,5.9,225.0,38
2010,161,0,10860,Justin Leonard,5.9,431.1,73
2010,161,0,27613,David Lutterus,5.9,269.8,46
2010,161,0,26301,James Nitties,5.9,332.5,56
2010,161,0,20127,Chris Riley,5.9,327.7,56
2010,161,0,27770,Camilo Villegas,5.9,303.0,51
2010,161,0,26951,Johnson Wagner,5.9,404.4,68
2010,161,0,12602,Dean Wilson,5.9,201.0,34
2010,180,0,22946,Henrik Bjornstad,5.8,297.1,51
2010,180,0,23135,Tim Clark,5.8,373.7,64
2010,180,0,29285,Brent Delahoussaye,5.8,209.1,36
2010,180,0,1320,Bob Estes,5.8,372.5,64
2010,180,0,22378,Trevor Immelman,5.8,224.4,39
2010,180,0,12705,Cliff Kresge,5.8,191.6,33
2010,180,0,6515,Shaun Micheel,5.8,265.0,46
2010,180,0,25396,Kevin Na,5.8,421.0,72
2010,180,0,25190,Jeff Quinney,5.8,370.8,64
2010,180,0,2239,Scott Verplank,5.8,344.7,59
2010,180,0,24663,Y.E. Yang,5.8,290.5,50
2010,191,0,1329,Brad Faxon,5.7,260.9,46
2010,192,0,10423,Mike Weir,5.4,214.8,40
2009,1,0,26851,Marc Leishman,6.8,494.4,73
2009,2,0,24925,Jonathan Byrd,6.7,412.7,62
2009,2,0,21805,Harrison Frazar,6.7,487.8,73
2009,2,0,23497,Tag Ridings,6.7,273.3,41
2009,2,0,6567,Vijay Singh,6.7,399.6,60
2009,2,0,6595,Kevin Sutherland,6.7,431.5,64
2009,7,0,23983,Luke Donald,6.6,428.7,65
2009,7,0,24358,Robert Garrigus,6.6,398.4,60
2009,7,0,27141,J.B. Holmes,6.6,334.2,51
2009,7,0,1706,Davis Love III,6.6,450.8,68
2009,7,0,28158,Steve Marino,6.6,542.4,82
2009,7,0,1766,Billy Mayfair,6.6,427.3,65
2009,7,0,1810,Phil Mickelson,6.6,289.7,44
2009,7,0,22046,Geoff Ogilvy,6.6,448.1,68
2009,7,0,21959,Ted Purdy,6.6,518.4,79
2009,7,0,31323,Gary Woodland,6.6,204.1,31
2009,17,0,10885,Robert Allenby,6.5,357.3,55
2009,17,0,7223,Brian Bateman,6.5,320.6,49
2009,17,0,20574,Mathew Goggin,6.5,363.2,56
2009,17,0,20157,Retief Goosen,6.5,350.8,54
2009,17,0,20766,Padraig Harrington,6.5,304.0,47
2009,17,0,12716,Charley Hoffman,6.5,519.5,80
2009,17,0,27120,Troy Matteson,6.5,551.0,85
2009,17,0,10585,Scott McCarron,6.5,491.1,75
2009,17,0,27933,John Merrick,6.5,451.3,69
2009,17,0,29221,Webb Simpson,6.5,484.2,75
2009,17,0,27649,Brandt Snedeker,6.5,395.5,61
2009,17,0,22295,Darron Stiles,6.5,213.3,33
2009,17,0,27214,Kevin Streelman,6.5,552.5,85
2009,17,0,25632,Jimmy Walker,6.5,324.7,50
2009,17,0,23349,Charles Warren,6.5,305.4,47
2009,17,0,21878,Mark Wilson,6.5,499.5,77
2009,17,0,8793,Tiger Woods,6.5,258.1,40
2009,34,0,7867,Woody Austin,6.4,510.9,80
2009,34,0,24507,Jason Bohn,6.4,520.7,81
2009,34,0,22621,Ben Curtis,6.4,273.4,43
2009,34,0,23638,Brendon de Jonge,6.4,427.5,67
2009,34,0,6251,Chris DiMarco,6.4,526.9,82
2009,34,0,24924,Bill Haas,6.4,511.6,80
2009,34,0,30925,Dustin Johnson,6.4,407.4,64
2009,34,0,27936,Martin Laird,6.4,322.4,50
2009,34,0,1707,Steve Lowery,6.4,460.5,72
2009,34,0,24912,Will MacKenzie,6.4,387.4,61
2009,34,0,24490,George McNeill,6.4,477.6,75
2009,34,0,21949,Joe Ogilvie,6.4,423.5,66
2009,34,0,20691,Greg Owen,6.4,544.6,85
2009,34,0,23320,Ryan Palmer,6.4,436.6,68
2009,34,0,24361,Pat Perez,6.4,408.9,64
2009,34,0,20645,John Senden,6.4,505.2,79
2009,34,0,26679,Kevin Stadler,6.4,301.1,47
2009,34,0,27963,Chris Stroud,6.4,359.4,56
2009,34,0,28780,Nicholas Thompson,6.4,509.4,80
2009,34,0,30927,Brendon Todd,6.4,309.4,48
2009,34,0,2206,David Toms,6.4,509.3,80
2009,34,0,26668,Marc Turnesa,6.4,495.0,77
2009,34,0,23623,Bo Van Pelt,6.4,463.9,73
2009,34,0,26289,Boo Weekley,6.4,470.2,74
2009,58,0,20098,Stuart Appleby,6.3,404.3,64
2009,58,0,22371,Aaron Baddeley,6.3,318.9,51
2009,58,0,23614,Rich Beem,6.3,325.4,52
2009,58,0,20848,Ángel Cabrera,6.3,228.4,36
2009,58,0,20850,Daniel Chopra,6.3,537.8,86
2009,58,0,21753,Brian Davis,6.3,589.1,93
2009,58,0,28089,Jason Day,6.3,300.9,48
2009,58,0,6621,Joe Durant,6.3,282.3,45
2009,58,0,21209,Sergio Garcia,6.3,264.2,42
2009,58,0,1577,Lee Janzen,6.3,362.5,58
2009,58,0,10733,Kent Jones,6.3,341.3,54
2009,58,0,26300,Matt Jones,6.3,246.2,39
2009,58,0,23548,Bill Lunde,6.3,474.1,75
2009,58,0,24781,Hunter Mahan,6.3,421.0,67
2009,58,0,27060,John Mallinger,6.3,457.4,73
2009,58,0,23800,Bryce Molder,6.3,328.8,52
2009,58,0,26301,James Nitties,6.3,355.1,56
2009,58,0,24140,Sean O'Hair,6.3,363.1,58
2009,58,0,27683,Leif Olson,6.3,238.9,38
2009,58,0,1945,Kenny Perry,6.3,481.4,77
2009,58,0,25818,Scott Piercy,6.3,388.4,62
2009,58,0,25240,D.A. Points,6.3,531.9,85
2009,58,0,6539,Rick Price,6.3,246.0,39
2009,58,0,7749,Brett Quigley,6.3,450.3,72
2009,58,0,22913,John Rollins,6.3,494.1,78
2009,58,0,24502,Adam Scott,6.3,272.1,43
2009,58,0,23788,D.J. Trahan,6.3,477.8,76
2009,58,0,25804,Bubba Watson,6.3,304.3,48
2009,58,0,26498,Matt Weibring,6.3,302.4,48
2009,87,0,6004,Stephen Ames,6.2,372.3,60
2009,87,0,1161,Mark Calcavecchia,6.2,361.5,58
2009,87,0,12510,Chad Campbell,6.2,431.9,70
2009,87,0,20229,Stewart Cink,6.2,398.8,64
2009,87,0,9011,David Duval,6.2,224.0,36
2009,87,0,6522,Ernie Els,6.2,314.1,51
2009,87,0,31416,Derek Fathauer,6.2,290.6,47
2009,87,0,22892,Jason Gore,6.2,355.7,57
2009,87,0,10117,Bob Heintz,6.2,267.5,43
2009,87,0,12782,Tim Herron,6.2,512.3,83
2009,87,0,24024,Zach Johnson,6.2,564.8,91
2009,87,0,29718,Anthony Kim,6.2,372.3,60
2009,87,0,24503,Jeff Klauk,6.2,543.1,87
2009,87,0,26695,Michael Letzig,6.2,530.8,86
2009,87,0,20634,Peter Lonard,6.2,444.6,72
2009,87,0,1724,Jeff Maggert,6.2,438.1,71
2009,87,0,1797,Rocco Mediate,6.2,346.9,56
2009,87,0,28620,Aron Price,6.2,439.7,71
2009,87,0,25562,Andres Romero,6.2,310.7,50
2009,87,0,22405,Justin Rose,6.2,347.8,56
2009,87,0,23621,Rory Sabbatini,6.2,413.0,67
2009,87,0,28118,Peter Tomasulo,6.2,261.1,42
2009,109,0,20498,Briny Baird,6.1,461.6,76
2009,109,0,12652,Cameron Beckman,6.1,459.9,75
2009,109,0,20472,Alex Cejka,6.1,424.3,69
2009,109,0,1226,Fred Couples,6.1,250.6,41
2009,109,0,23541,Ben Crane,6.1,497.3,81
2009,109,0,1313,Steve Elkington,6.1,331.8,54
2009,109,0,10809,Jim Furyk,6.1,410.1,67
2009,109,0,25900,Lucas Glover,6.1,429.5,70
2009,109,0,1473,Todd Hamilton,6.1,368.9,60
2009,109,0,23353,J.J. Henry,6.1,490.6,80
2009,109,0,21350,Ryuji Imada,6.1,443.1,73
2009,109,0,26420,Richard Johnson,6.1,454.0,75
2009,109,0,30711,Colt Knost,6.1,318.8,52
2009,109,0,12705,Cliff Kresge,6.1,389.7,64
2009,109,0,1677,Tom Lehman,6.1,207.2,34
2009,109,0,26881,Jarrod Lyle,6.1,298.5,49
2009,109,0,24449,Parker McLachlin,6.1,384.8,63
2009,109,0,20572,Rod Pampling,6.1,371.9,61
2009,109,0,1941,Tom Pernice Jr.,6.1,448.8,73
2009,109,0,24138,Ian Poulter,6.1,295.0,48
2009,109,0,26476,Chez Reavie,6.1,442.0,73
2009,109,0,22293,Heath Slocum,6.1,485.5,80
2009,109,0,6527,Steve Stricker,6.1,418.6,69
2009,109,0,23325,Vaughn Taylor,6.1,397.5,65
2009,109,0,2214,Kirk Triplett,6.1,315.8,52
2009,109,0,2239,Scott Verplank,6.1,484.2,80
2009,109,0,27770,Camilo Villegas,6.1,329.9,54
2009,109,0,26951,Johnson Wagner,6.1,439.0,72
2009,109,0,27095,Nick Watney,6.1,445.2,73
2009,138,0,1035,Tommy Armour III,6.0,293.8,49
2009,138,0,24846,Ricky Barnes,6.0,295.2,49
2009,138,0,20593,Greg Chalmers,6.0,399.0,66
2009,138,0,24357,K.J. Choi,6.0,344.1,57
2009,138,0,21961,Charles Howell III,6.0,513.2,85
2009,138,0,8075,Jerry Kelly,6.0,469.1,78
2009,138,0,23108,Matt Kuchar,6.0,392.3,65
2009,138,0,27466,Spencer Levin,6.0,389.6,65
2009,138,0,25396,Kevin Na,6.0,439.9,73
2009,138,0,1948,Tim Petrovic,6.0,512.5,85
2009,138,0,25190,Jeff Quinney,6.0,404.7,68
2009,138,0,22548,Patrick Sheehan,6.0,199.3,33
2009,138,0,20160,Charlie Wi,6.0,464.9,78
2009,138,0,10425,Jay Williamson,6.0,330.9,55
2009,138,0,24663,Y.E. Yang,6.0,410.2,68
2009,153,0,20070,Matt Bettencourt,5.9,489.8,83
2009,153,0,28087,Kris Blanks,5.9,270.7,46
2009,153,0,23135,Tim Clark,5.9,384.0,65
2009,153,0,8931,Glen Day,5.9,353.9,60
2009,153,0,1320,Bob Estes,5.9,434.2,74
2009,153,0,7457,Steve Flesch,5.9,318.9,54
2009,153,0,6643,Paul Goydos,5.9,409.4,69
2009,153,0,23718,Nathan Green,5.9,521.7,89
2009,153,0,21731,Freddie Jacobson,5.9,402.3,68
2009,153,0,26596,Ryan Moore,5.9,399.4,68
2009,153,0,25345,Carl Pettersson,5.9,453.5,77
2009,153,0,25919,Brian Vranesh,5.9,207.9,35
2009,153,0,26497,Casey Wittenberg,5.9,308.1,52
2009,166,0,25686,Jason Dufner,5.8,459.0,79
2009,166,0,19846,Brian Gay,5.8,512.5,89
2009,166,0,6012,Greg Kraft,5.8,238.3,41
2009,166,0,22961,David Mathis,5.8,383.5,66
2009,166,0,28475,Jeff Overton,5.8,423.0,73
2009,166,0,20127,Chris Riley,5.8,334.1,58
2009,166,0,10423,Mike Weir,5.8,389.5,67
2009,166,0,12602,Dean Wilson,5.8,368.5,63
2009,174,0,6197,Michael Allen,5.7,278.4,49
2009,174,0,23048,Eric Axley,5.7,305.7,54
2009,174,0,1132,Mark Brooks,5.7,210.3,37
2009,174,0,1142,Bart Bryant,5.7,330.8,58
2009,174,0,10860,Justin Leonard,5.7,479.7,84
2009,174,0,22348,Nick O'Hern,5.7,497.7,87
2009,180,0,23778,Brad Adamonis,5.6,326.0,58
2009,180,0,1928,Corey Pavin,5.6,292.3,52
2009,182,0,20104,Ken Duke,5.4,309.6,57
2009,182,0,1329,Brad Faxon,5.4,301.0,56
2009,182,0,8845,Scott Sterling,5.4,216.1,40
2008,1,0,24358,Robert Garrigus,7.0,444.8,64
2008,2,0,25364,Paul Casey,6.8,205.2,30
2008,2,0,27141,J.B. Holmes,6.8,283.8,42
2008,2,0,29718,Anthony Kim,6.8,441.3,65
2008,5,0,20766,Padraig Harrington,6.7,161.7,24
2008,5,0,12716,Charley Hoffman,6.7,577.0,86
2008,5,0,22046,Geoff Ogilvy,6.7,306.7,46
2008,5,0,24361,Pat Perez,6.7,482.1,72
2008,5,0,28780,Nicholas Thompson,6.7,586.6,88
2008,10,0,7867,Woody Austin,6.6,577.1,88
2008,10,0,1226,Fred Couples,6.6,225.9,34
2008,10,0,27936,Martin Laird,6.6,481.8,73
2008,10,0,1706,Davis Love III,6.6,355.4,54
2008,10,0,22913,John Rollins,6.6,484.2,73
2008,10,0,6567,Vijay Singh,6.6,398.6,60
2008,10,0,23349,Charles Warren,6.6,438.1,66
2008,10,0,21878,Mark Wilson,6.6,686.3,104
2008,18,0,10885,Robert Allenby,6.5,496.1,76
2008,18,0,24925,Jonathan Byrd,6.5,498.4,77
2008,18,0,20229,Stewart Cink,6.5,366.0,56
2008,18,0,21209,Sergio Garcia,6.5,312.9,48
2008,18,0,25900,Lucas Glover,6.5,509.6,79
2008,18,0,24924,Bill Haas,6.5,559.6,86
2008,18,0,1553,John Huston,6.5,291.8,45
2008,18,0,11032,Frank Lickliter II,6.5,587.6,90
2008,18,0,28158,Steve Marino,6.5,555.5,86
2008,18,0,27120,Troy Matteson,6.5,546.0,84
2008,18,0,24490,George McNeill,6.5,551.2,85
2008,18,0,1797,Rocco Mediate,6.5,420.1,65
2008,18,0,20645,John Senden,6.5,456.3,70
2008,18,0,6595,Kevin Sutherland,6.5,535.8,82
2008,32,0,23614,Rich Beem,6.4,459.1,72
2008,32,0,24227,Justin Bolli,6.4,437.6,68
2008,32,0,20472,Alex Cejka,6.4,335.2,52
2008,32,0,24357,K.J. Choi,6.4,389.9,61
2008,32,0,21805,Harrison Frazar,6.4,305.8,48
2008,32,0,10809,Jim Furyk,6.4,523.7,82
2008,32,0,22892,Jason Gore,6.4,365.8,57
2008,32,0,10733,Kent Jones,6.4,314.1,49
2008,32,0,1766,Billy Mayfair,6.4,571.8,89
2008,32,0,21949,Joe Ogilvie,6.4,509.5,80
2008,32,0,25594,Travis Perkins,6.4,159.4,25
2008,32,0,25345,Carl Pettersson,6.4,586.7,92
2008,32,0,21959,Ted Purdy,6.4,273.8,43
2008,32,0,7749,Brett Quigley,6.4,382.5,60
2008,32,0,6527,Steve Stricker,6.4,341.1,53
2008,32,0,23623,Bo Van Pelt,6.4,492.4,77
2008,32,0,26951,Johnson Wagner,6.4,412.3,64
2008,32,0,27095,Nick Watney,6.4,458.3,72
2008,50,0,23540,Jason Allred,6.3,276.6,44
2008,50,0,1024,Billy Andrade,6.3,310.8,49
2008,50,0,20848,Ángel Cabrera,6.3,202.6,32
2008,50,0,12510,Chad Campbell,6.3,552.3,88
2008,50,0,20850,Daniel Chopra,6.3,382.5,61
2008,50,0,23541,Ben Crane,6.3,462.7,73
2008,50,0,22621,Ben Curtis,6.3,416.3,66
2008,50,0,6251,Chris DiMarco,6.3,450.4,72
2008,50,0,23125,Brad Elder,6.3,300.7,48
2008,50,0,20574,Mathew Goggin,6.3,422.0,67
2008,50,0,23157,Richard Johnson,6.3,377.2,60
2008,50,0,12705,Cliff Kresge,6.3,425.9,68
2008,50,0,24781,Hunter Mahan,6.3,431.5,69
2008,50,0,10585,Scott McCarron,6.3,316.0,50
2008,50,0,24140,Sean O'Hair,6.3,390.9,62
2008,50,0,20663,Brenden Pappas,6.3,259.6,41
2008,50,0,1945,Kenny Perry,6.3,533.2,85
2008,50,0,26476,Chez Reavie,6.3,573.3,91
2008,50,0,24502,Adam Scott,6.3,214.6,34
2008,50,0,22293,Heath Slocum,6.3,551.5,88
2008,50,0,26679,Kevin Stadler,6.3,354.7,56
2008,50,0,26668,Marc Turnesa,6.3,424.2,67
2008,50,0,25632,Jimmy Walker,6.3,308.2,49
2008,50,0,19913,Ron Whittaker,6.3,231.4,37
2008,74,0,20098,Stuart Appleby,6.2,384.9,62
2008,74,0,19803,Ryan Armour,6.2,398.3,64
2008,74,0,12652,Cameron Beckman,6.2,370.8,60
2008,74,0,21753,Brian Davis,6.2,612.2,98
2008,74,0,28089,Jason Day,6.2,445.0,72
2008,74,0,23409,James Driscoll,6.2,397.5,64
2008,74,0,6621,Joe Durant,6.2,458.6,74
2008,74,0,27561,Nick Flanagan,6.2,466.1,75
2008,74,0,12823,Carlos Franco,6.2,272.8,44
2008,74,0,26631,Cody Freeman,6.2,295.3,48
2008,74,0,20105,Jeff Gove,6.2,235.4,38
2008,74,0,20378,Mathias Grönberg,6.2,398.1,64
2008,74,0,1473,Todd Hamilton,6.2,279.4,45
2008,74,0,6575,Dudley Hart,6.2,390.2,63
2008,74,0,12782,Tim Herron,6.2,470.5,76
2008,74,0,21350,Ryuji Imada,6.2,399.9,64
2008,74,0,1577,Lee Janzen,6.2,421.7,68
2008,74,0,30925,Dustin Johnson,6.2,414.1,67
2008,74,0,24024,Zach Johnson,6.2,450.2,73
2008,74,0,26300,Matt Jones,6.2,449.4,72
2008,74,0,23108,Matt Kuchar,6.2,396.8,64
2008,74,0,22806,Doug LaBelle II,6.2,258.4,42
2008,74,0,20382,Stephen Leaney,6.2,248.0,40
2008,74,0,1677,Tom Lehman,6.2,228.2,37
2008,74,0,1724,Jeff Maggert,6.2,480.8,78
2008,74,0,27933,John Merrick,6.2,429.6,69
2008,74,0,23320,Ryan Palmer,6.2,259.1,42
2008,74,0,1941,Tom Pernice Jr.,6.2,598.1,96
2008,74,0,23497,Tag Ridings,6.2,426.7,69
2008,74,0,2002,John Riegger,6.2,332.7,54
2008,74,0,23797,Brett Rumford,6.2,339.3,55
2008,74,0,27214,Kevin Streelman,6.2,545.6,88
2008,74,0,23788,D.J. Trahan,6.2,440.4,71
2008,74,0,8385,Omar Uresti,6.2,337.3,54
2008,74,0,26289,Boo Weekley,6.2,395.7,64
2008,74,0,10425,Jay Williamson,6.2,414.6,67
2008,74,0,12602,Dean Wilson,6.2,520.3,84
2008,111,0,23778,Brad Adamonis,6.1,417.6,69
2008,111,0,1035,Tommy Armour III,6.1,353.4,58
2008,111,0,22371,Aaron Baddeley,6.1,314.6,52
2008,111,0,20498,Briny Baird,6.1,520.6,85
2008,111,0,1161,Mark Calcavecchia,6.1,279.7,46
2008,111,0,23135,Tim Clark,6.1,412.0,67
2008,111,0,6522,Ernie Els,6.1,232.1,38
2008,111,0,21461,Kenneth Ferrie,6.1,336.4,55
2008,111,0,30750,Tommy Gainey,6.1,237.2,39
2008,111,0,20157,Retief Goosen,6.1,224.9,37
2008,111,0,23353,J.J. Henry,6.1,548.3,90
2008,111,0,26695,Michael Letzig,6.1,415.8,68
2008,111,0,24912,Will MacKenzie,6.1,349.8,57
2008,111,0,1810,Phil Mickelson,6.1,310.0,51
2008,111,0,26596,Ryan Moore,6.1,329.9,54
2008,111,0,12660,Jesper Parnevik,6.1,441.7,72
2008,111,0,24138,Ian Poulter,6.1,226.2,37
2008,111,0,25562,Andres Romero,6.1,263.0,43
2008,111,0,27649,Brandt Snedeker,6.1,427.2,70
2008,111,0,12309,Bob Sowards,6.1,262.4,43
2008,111,0,27770,Camilo Villegas,6.1,349.0,57
2008,132,0,21633,Steve Allan,6.0,258.0,43
2008,132,0,6004,Stephen Ames,6.0,439.9,73
2008,132,0,1139,Olin Browne,6.0,375.4,63
2008,132,0,12826,Paul Claxton,6.0,275.8,46
2008,132,0,6034,Marco Dawson,6.0,259.6,43
2008,132,0,8931,Glen Day,6.0,279.8,47
2008,132,0,10875,Todd Demsey,6.0,381.2,64
2008,132,0,7457,Steve Flesch,6.0,458.2,77
2008,132,0,1388,Robert Gamez,6.0,384.3,64
2008,132,0,19846,Brian Gay,6.0,511.2,85
2008,132,0,6643,Paul Goydos,6.0,383.1,64
2008,132,0,22378,Trevor Immelman,6.0,301.1,50
2008,132,0,21731,Freddie Jacobson,6.0,378.9,63
2008,132,0,8075,Jerry Kelly,6.0,436.7,73
2008,132,0,10860,Justin Leonard,6.0,463.6,77
2008,132,0,20634,Peter Lonard,6.0,464.9,78
2008,132,0,1707,Steve Lowery,6.0,379.2,63
2008,132,0,27613,David Lutterus,6.0,256.7,43
2008,132,0,27060,John Mallinger,6.0,457.9,76
2008,132,0,24449,Parker McLachlin,6.0,399.0,67
2008,132,0,25842,Jon Mills,6.0,331.7,55
2008,132,0,25396,Kevin Na,6.0,480.4,80
2008,132,0,1948,Tim Petrovic,6.0,430.6,72
2008,132,0,22548,Patrick Sheehan,6.0,557.0,93
2008,132,0,27963,Chris Stroud,6.0,378.6,63
2008,132,0,22582,Kyle Thompson,6.0,335.7,56
2008,132,0,2206,David Toms,6.0,324.4,54
2008,132,0,25349,Tim Wilkinson,6.0,441.4,73
2008,132,0,24663,Y.E. Yang,6.0,433.9,72
2008,161,0,23048,Eric Axley,5.9,507.1,86
2008,161,0,26500,Alejandro Cañizares,5.9,240.2,41
2008,161,0,23718,Nathan Green,5.9,417.2,71
2008,161,0,8537,J.P. Hayes,5.9,352.2,60
2008,161,0,20433,Mark Hensby,5.9,326.2,55
2008,161,0,21961,Charles Howell III,5.9,485.9,82
2008,161,0,6573,Brandt Jobe,5.9,236.2,40
2008,161,0,6012,Greg Kraft,5.9,259.0,44
2008,161,0,22348,Nick O'Hern,5.9,346.9,59
2008,161,0,28475,Jeff Overton,5.9,436.5,74
2008,161,0,20572,Rod Pampling,5.9,368.6,62
2008,161,0,20443,Jin Park,5.9,385.8,65
2008,161,0,25190,Jeff Quinney,5.9,362.9,61
2008,161,0,23621,Rory Sabbatini,5.9,362.8,61
2008,161,0,23325,Vaughn Taylor,5.9,509.5,87
2008,161,0,2239,Scott Verplank,5.9,414.6,70
2008,161,0,25804,Bubba Watson,5.9,376.4,64
2008,161,0,20160,Charlie Wi,5.9,499.2,85
2008,179,0,6197,Michael Allen,5.8,396.0,68
2008,179,0,1313,Steve Elkington,5.8,355.6,61
2008,179,0,26420,Richard Johnson,5.8,279.5,48
2008,179,0,7547,Craig Kanada,5.8,278.5,48
2008,179,0,12680,Shigeki Maruyama,5.8,250.2,43
2008,179,0,6090,Jim McGovern,5.8,346.4,60
2008,179,0,20127,Chris Riley,5.8,179.5,31
2008,179,0,2223,Bob Tway,5.8,280.5,48
2008,179,0,10423,Mike Weir,5.8,382.4,66
2008,188,0,1142,Bart Bryant,5.7,384.4,67
2008,188,0,25720,Chad Collins,5.7,341.5,60
2008,188,0,20104,Ken Duke,5.7,516.3,91
2008,188,0,9011,David Duval,5.7,172.4,30
2008,188,0,10649,Tom Scherrer,5.7,210.6,37
2008,193,0,20623,Gavin Coles,5.6,201.4,36
2008,193,0,1320,Bob Estes,5.6,399.9,71
2008,193,0,1928,Corey Pavin,5.6,272.4,49
2008,193,0,8845,Scott Sterling,5.6,363.8,65
2008,197,0,10505,Shane Bertsch,5.3,461.3,87
2007,1,0,29718,Anthony Kim,7.1,373.7,53
2007,1,0,8375,Paul Stankowski,7.1,157.2,22
2007,3,0,20472,Alex Cejka,6.9,315.5,46
2007,3,0,20766,Padraig Harrington,6.9,233.3,34
2007,3,0,27141,J.B. Holmes,6.9,234.7,34
2007,3,0,22046,Geoff Ogilvy,6.9,323.0,47
2007,3,0,23349,Charles Warren,6.9,429.1,62
2007,8,0,1024,Billy Andrade,6.7,372.9,56
2007,8,0,25273,Andrew Buckle,6.7,342.4,51
2007,8,0,24358,Robert Garrigus,6.7,377.4,56
2007,8,0,22892,Jason Gore,6.7,347.2,52
2007,8,0,24980,Scott Gutschewski,6.7,174.1,26
2007,8,0,24924,Bill Haas,6.7,340.2,51
2007,8,0,12716,Charley Hoffman,6.7,402.8,60
2007,8,0,1706,Davis Love III,6.7,276.4,41
2007,8,0,1797,Rocco Mediate,6.7,348.3,52
2007,8,0,24361,Pat Perez,6.7,241.5,36
2007,8,0,22913,John Rollins,6.7,400.3,60
2007,8,0,6567,Vijay Singh,6.7,435.5,65
2007,8,0,22295,Darron Stiles,6.7,219.8,33
2007,8,0,27095,Nick Watney,6.7,347.4,52
2007,22,0,10885,Robert Allenby,6.6,350.0,53
2007,22,0,24507,Jason Bohn,6.6,217.0,33
2007,22,0,11123,Chris Couch,6.6,341.9,52
2007,22,0,23983,Luke Donald,6.6,265.6,40
2007,22,0,21805,Harrison Frazar,6.6,268.6,41
2007,22,0,24912,Will MacKenzie,6.6,427.9,65
2007,22,0,27120,Troy Matteson,6.6,322.4,49
2007,22,0,7749,Brett Quigley,6.6,242.8,37
2007,22,0,20645,John Senden,6.6,378.9,57
2007,22,0,26679,Kevin Stadler,6.6,330.8,50
2007,22,0,21528,Henrik Stenson,6.6,184.3,28
2007,22,0,27770,Camilo Villegas,6.6,256.7,39
2007,34,0,21753,Brian Davis,6.5,385.1,59
2007,34,0,25900,Lucas Glover,6.5,339.9,52
2007,34,0,12782,Tim Herron,6.5,405.0,62
2007,34,0,10733,Kent Jones,6.5,398.1,61
2007,34,0,24781,Hunter Mahan,6.5,306.2,47
2007,34,0,21949,Joe Ogilvie,6.5,441.2,68
2007,34,0,1945,Kenny Perry,6.5,349.0,54
2007,34,0,21959,Ted Purdy,6.5,342.5,53
2007,34,0,22405,Justin Rose,6.5,207.3,32
2007,34,0,2101,Joey Sindelar,6.5,310.0,48
2007,34,0,27649,Brandt Snedeker,6.5,390.9,60
2007,34,0,6595,Kevin Sutherland,6.5,343.8,53
2007,34,0,2214,Kirk Triplett,6.5,374.2,58
2007,34,0,24457,Jaco Van Zyl,6.5,200.8,31
2007,34,0,26951,Johnson Wagner,6.5,362.1,56
2007,34,0,25804,Bubba Watson,6.5,180.9,28
2007,34,0,12602,Dean Wilson,6.5,335.8,52
2007,51,0,7223,Brian Bateman,6.4,199.0,31
2007,51,0,20850,Daniel Chopra,6.4,423.4,66
2007,51,0,20229,Stewart Cink,6.4,401.4,63
2007,51,0,1249,John Daly,6.4,141.2,22
2007,51,0,23638,Brendon de Jonge,6.4,255.3,40
2007,51,0,10809,Jim Furyk,6.4,354.7,55
2007,51,0,20859,Anders Hansen,6.4,192.7,30
2007,51,0,10117,Bob Heintz,6.4,281.2,44
2007,51,0,11032,Frank Lickliter II,6.4,411.6,64
2007,51,0,28158,Steve Marino,6.4,354.7,55
2007,51,0,23800,Bryce Molder,6.4,180.1,28
2007,51,0,24140,Sean O'Hair,6.4,391.8,61
2007,51,0,20628,Arron Oberholser,6.4,305.2,48
2007,51,0,10213,Dicky Pride,6.4,273.3,43
2007,51,0,23497,Tag Ridings,6.4,159.0,25
2007,51,0,6527,Steve Stricker,6.4,352.6,55
2007,51,0,23788,D.J. Trahan,6.4,339.8,53
2007,51,0,2246,Duffy Waldorf,6.4,247.8,39
2007,51,0,8793,Tiger Woods,6.4,212.5,33
2007,70,0,20098,Stuart Appleby,6.3,373.8,59
2007,70,0,7867,Woody Austin,6.3,392.7,62
2007,70,0,19824,Craig Barlow,6.3,158.2,25
2007,70,0,23614,Rich Beem,6.3,357.6,57
2007,70,0,21646,David Branshaw,6.3,333.3,53
2007,70,0,24290,D.J. Brigman,6.3,245.8,39
2007,70,0,24925,Jonathan Byrd,6.3,284.1,45
2007,70,0,1161,Mark Calcavecchia,6.3,334.5,53
2007,70,0,24357,K.J. Choi,6.3,336.3,53
2007,70,0,6251,Chris DiMarco,6.3,284.0,45
2007,70,0,6522,Ernie Els,6.3,189.0,30
2007,70,0,1388,Robert Gamez,6.3,332.1,53
2007,70,0,20574,Mathew Goggin,6.3,385.4,61
2007,70,0,20157,Retief Goosen,6.3,151.5,24
2007,70,0,20105,Jeff Gove,6.3,430.4,68
2007,70,0,1473,Todd Hamilton,6.3,239.8,38
2007,70,0,27702,Matt Hendrix,6.3,233.1,37
2007,70,0,20433,Mark Hensby,6.3,346.5,55
2007,70,0,21961,Charles Howell III,6.3,320.4,51
2007,70,0,21350,Ryuji Imada,6.3,475.0,75
2007,70,0,12195,Tom Johnson,6.3,275.9,44
2007,70,0,20382,Stephen Leaney,6.3,300.8,48
2007,70,0,22212,Craig Lile,6.3,295.6,47
2007,70,0,20634,Peter Lonard,6.3,322.3,51
2007,70,0,1766,Billy Mayfair,6.3,409.8,65
2007,70,0,27933,John Merrick,6.3,332.1,53
2007,70,0,6515,Shaun Micheel,6.3,253.3,40
2007,70,0,6373,José María Olazábal,6.3,162.7,26
2007,70,0,23320,Ryan Palmer,6.3,310.4,49
2007,70,0,12660,Jesper Parnevik,6.3,351.9,56
2007,70,0,21660,Jason Schultz,6.3,182.6,29
2007,70,0,24502,Adam Scott,6.3,284.9,45
2007,70,0,22293,Heath Slocum,6.3,450.0,71
2007,70,0,23325,Vaughn Taylor,6.3,344.5,55
2007,70,0,2206,David Toms,6.3,327.9,52
2007,70,0,23623,Bo Van Pelt,6.3,404.5,64
2007,70,0,23322,Brett Wetterich,6.3,300.6,48
2007,70,0,21878,Mark Wilson,6.3,391.3,62
2007,108,0,19803,Ryan Armour,6.2,430.8,69
2007,108,0,1035,Tommy Armour III,6.2,338.3,55
2007,108,0,23048,Eric Axley,6.2,394.3,64
2007,108,0,22371,Aaron Baddeley,6.2,243.5,39
2007,108,0,20498,Briny Baird,6.2,455.5,73
2007,108,0,23613,Rich Barcelo,6.2,271.1,44
2007,108,0,12652,Cameron Beckman,6.2,329.1,53
2007,108,0,1132,Mark Brooks,6.2,167.6,27
2007,108,0,6034,Marco Dawson,6.2,236.7,38
2007,108,0,1381,Fred Funk,6.2,246.4,40
2007,108,0,23353,J.J. Henry,6.2,289.3,47
2007,108,0,8881,Tripp Isenhour,6.2,305.7,49
2007,108,0,1577,Lee Janzen,6.2,224.7,36
2007,108,0,24024,Zach Johnson,6.2,336.6,54
2007,108,0,12705,Cliff Kresge,6.2,433.1,70
2007,108,0,1724,Jeff Maggert,6.2,328.9,53
2007,108,0,24490,George McNeill,6.2,318.6,51
2007,108,0,26596,Ryan Moore,6.2,367.5,59
2007,108,0,20572,Rod Pampling,6.2,352.0,57
2007,108,0,1941,Tom Pernice Jr.,6.2,361.3,58
2007,108,0,25345,Carl Pettersson,6.2,462.8,75
2007,108,0,28486,Michael Putnam,6.2,280.6,45
2007,108,0,25190,Jeff Quinney,6.2,360.8,58
2007,108,0,29476,Kyle Reifers,6.2,160.9,26
2007,108,0,2036,Jim Rutledge,6.2,149.7,24
2007,133,0,21633,Steve Allan,6.1,220.4,36
2007,133,0,8123,Jeff Brehaut,6.1,220.9,36
2007,133,0,12510,Chad Campbell,6.1,342.6,56
2007,133,0,23135,Tim Clark,6.1,303.9,50
2007,133,0,8931,Glen Day,6.1,318.4,52
2007,133,0,21209,Sergio Garcia,6.1,250.1,41
2007,133,0,19846,Brian Gay,6.1,424.4,70
2007,133,0,20378,Mathias Grönberg,6.1,352.2,58
2007,133,0,8537,J.P. Hayes,6.1,337.6,55
2007,133,0,22378,Trevor Immelman,6.1,225.2,37
2007,133,0,26420,Richard Johnson,6.1,275.3,45
2007,133,0,8075,Jerry Kelly,6.1,379.1,62
2007,133,0,22806,Doug LaBelle II,6.1,380.6,62
2007,133,0,1677,Tom Lehman,6.1,231.1,38
2007,133,0,26881,Jarrod Lyle,6.1,287.9,47
2007,133,0,27060,John Mallinger,6.1,372.8,61
2007,133,0,1810,Phil Mickelson,6.1,189.3,31
2007,133,0,28475,Jeff Overton,6.1,213.3,35
2007,133,0,24138,Ian Poulter,6.1,196.3,32
2007,133,0,23621,Rory Sabbatini,6.1,263.9,43
2007,133,0,26882,Michael Sim,6.1,194.8,32
2007,133,0,27963,Chris Stroud,6.1,220.7,36
2007,133,0,12714,Chris Tidland,6.1,255.9,42
2007,133,0,2239,Scott Verplank,6.1,305.0,50
2007,133,0,25892,Steve Wheatcroft,6.1,226.9,37
2007,133,0,10425,Jay Williamson,6.1,165.0,27
2007,159,0,7363,Craig Bowden,6.0,303.5,51
2007,159,0,19972,José Coceres,6.0,226.4,38
2007,159,0,20623,Gavin Coles,6.0,292.2,49
2007,159,0,22621,Ben Curtis,6.0,303.8,51
2007,159,0,25686,Jason Dufner,6.0,300.2,50
2007,159,0,7457,Steve Flesch,6.0,328.2,55
2007,159,0,6643,Paul Goydos,6.0,241.5,40
2007,159,0,10860,Justin Leonard,6.0,384.5,64
2007,159,0,21470,Daisuke Maruyama,6.0,315.7,53
2007,159,0,22348,Nick O'Hern,6.0,269.8,45
2007,159,0,20691,Greg Owen,6.0,235.9,39
2007,159,0,2104,Jeff Sluman,6.0,174.8,29
2007,159,0,2223,Bob Tway,6.0,360.8,60
2007,159,0,26289,Boo Weekley,6.0,277.3,46
2007,159,0,20160,Charlie Wi,6.0,346.2,58
2007,174,0,6004,Stephen Ames,5.9,235.6,40
2007,174,0,23933,Michael Boyd,5.9,207.1,35
2007,174,0,26360,Bubba Dickerson,5.9,154.6,26
2007,174,0,6621,Joe Durant,5.9,309.1,52
2007,174,0,1313,Steve Elkington,5.9,267.7,45
2007,174,0,23718,Nathan Green,5.9,380.3,64
2007,174,0,21731,Freddie Jacobson,5.9,255.8,43
2007,174,0,1707,Steve Lowery,5.9,282.0,48
2007,174,0,12680,Shigeki Maruyama,5.9,320.6,54
2007,174,0,24449,Parker McLachlin,5.9,255.0,43
2007,174,0,25396,Kevin Na,5.9,308.7,52
2007,174,0,1948,Tim Petrovic,5.9,331.1,56
2007,174,0,20127,Chris Riley,5.9,182.8,31
2007,174,0,10423,Mike Weir,5.9,272.8,46
2007,188,0,1142,Bart Bryant,5.8,311.0,54
2007,188,0,1157,Tom Byrum,5.8,175.5,30
2007,188,0,20104,Ken Duke,5.8,285.4,49
2007,188,0,1320,Bob Estes,5.8,343.2,59
2007,188,0,21806,Paul Gow,5.8,238.5,41
2007,188,0,23108,Matt Kuchar,5.8,271.1,47
2007,194,0,6197,Michael Allen,5.7,232.7,41
2007,194,0,7547,Craig Kanada,5.7,384.8,67
2007,196,0,1928,Corey Pavin,5.6,258.2,46
