YEAR,RANK,MOVEMENT,PLAYER_ID,PLAYER,TOTAL,TOTAL PAR 5 HOLES,TOTAL HOLE OUTS
2024,1,0,54591,Ben Griffin,17,365,3
2024,1,0,51696,Rico Hoey,17,294,7
2024,3,0,51766,Wyndham Clark,16,230,2
2024,4,0,52955,Ludvig Åberg,15,242,1
2024,4,0,47504,Sam Burns,15,246,4
2024,4,0,32791,K.H. Lee,15,262,1
2024,4,0,40006,Erik van Rooyen,15,268,4
2024,8,0,50188,S.H. Kim,14,344,4
2024,8,0,40115,Adam Svensson,14,332,3
2024,10,0,32366,Kevin Chappell,13,188,2
2024,10,0,47591,Eric Cole,13,356,4
2024,10,0,35310,Lanto Griffin,13,252,3
2024,10,0,36801,Mark Hubbard,13,322,3
2024,10,0,27129,Luke List,13,254,1
2024,10,0,48867,Matti Schmid,13,274,3
2024,10,0,55893,Sam Stevens,13,336,4
2024,10,0,48699,Callum Tarren,13,242,1
2024,10,0,55454,Carl Yuan,13,225,3
2024,19,0,52372,Cameron Champ,12,199,2
2024,19,0,39997,Corey Conners,12,276,1
2024,19,0,34099,Harris English,12,294,1
2024,19,0,52375,Doug Ghim,12,308,3
2024,19,0,35532,Tom Hoge,12,338,2
2024,19,0,35506,Mackenzie Hughes,12,300,4
2024,19,0,36326,David Lipsky,12,240,3
2024,19,0,46442,Maverick McNealy,12,301,3
2024,19,0,46340,Alex Smalley,12,266,3
2024,28,0,37212,Paul Barjon,11,195,0
2024,28,0,34255,Joseph Bramlett,11,280,2
2024,28,0,51349,Nico Echavarria,11,298,3
2024,28,0,29725,Tony Finau,11,270,4
2024,28,0,51977,Max Greyserman,11,258,0
2024,28,0,48117,Kurt Kitayama,11,244,2
2024,28,0,47420,Jake Knapp,11,247,1
2024,28,0,49947,Taylor Moore,11,318,3
2024,28,0,36871,Matt NeSmith,11,250,1
2024,28,0,28252,Seamus Power,11,300,1
2024,28,0,39327,Ben Silverman,11,266,4
2024,28,0,50484,Hayden Springer,11,260,3
2024,28,0,58168,Davis Thompson,11,292,5
2024,28,0,32333,Kevin Tway,11,192,0
2024,28,0,27064,Jhonattan Vegas,11,242,0
2024,28,0,57366,Cameron Young,11,260,0
2024,28,0,52513,Carson Young,11,294,1
2024,45,0,33948,Byeong Hun An,10,242,0
2024,45,0,56630,Akshay Bhatia,10,280,3
2024,45,0,48084,Wesley Bryan,10,168,2
2024,45,0,54421,Garrick Higgo,10,268,3
2024,45,0,37378,Min Woo Lee,10,226,1
2024,45,0,39546,Keith Mitchell,10,276,2
2024,45,0,51997,Andrew Novak,10,271,4
2024,45,0,48081,Xander Schauffele,10,276,2
2024,45,0,27214,Kevin Streelman,10,238,4
2024,45,0,52666,Sami Valimaki,10,208,2
2024,45,0,48887,Matt Wallace,10,208,0
2024,56,0,28420,Ryan Brehm,9,216,2
2024,56,0,60004,Jacob Bridgeman,9,274,3
2024,56,0,32070,Rafael Campos,9,206,1
2024,56,0,47663,Kevin Dougherty,9,224,1
2024,56,0,59866,Nick Dunlap,9,232,3
2024,56,0,29936,Ryan Fox,9,242,1
2024,56,0,29420,Billy Horschel,9,238,3
2024,56,0,37455,Si Woo Kim,9,286,2
2024,56,0,28775,Nate Lashley,9,254,1
2024,56,0,28237,Rory McIlroy,9,222,4
2024,56,0,27349,Alex Noren,9,236,0
2024,56,0,57900,Chandler Phillips,9,279,2
2024,56,0,46046,Scottie Scheffler,9,240,4
2024,56,0,39324,J.J. Spaun,9,264,0
2024,56,0,51634,Sahith Theegala,9,298,3
2024,71,0,32367,Jorge Campillo,8,164,1
2024,71,0,50497,Adrien Dumont de Chassart,8,254,3
2024,71,0,57975,Harry Hall,8,272,2
2024,71,0,51287,Ryo Hisatsune,8,282,0
2024,71,0,35461,Beau Hossler,8,288,4
2024,71,0,39975,Michael Kim,8,280,5
2024,71,0,46113,Ryan McCormick,8,225,1
2024,71,0,32640,Troy Merritt,8,256,0
2024,71,0,48153,Matthieu Pavon,8,212,0
2024,71,0,47679,Victor Perez,8,218,3
2024,71,0,46414,Aaron Rai,8,278,0
2024,71,0,47995,Davis Riley,8,242,2
2024,71,0,37275,Sam Ryder,8,268,0
2024,71,0,47347,Adam Schenk,8,316,1
2024,71,0,33486,Roger Sloan,8,238,4
2024,86,0,33408,Tyson Alexander,7,256,1
2024,86,0,35450,Patrick Cantlay,7,228,1
2024,86,0,59836,Pierceson Coody,7,264,3
2024,86,0,45609,Tyler Duncan,7,242,4
2024,86,0,54576,Patrick Fishburn,7,252,3
2024,86,0,40098,Matt Fitzpatrick,7,228,1
2024,86,0,31646,Emiliano Grillo,7,264,2
2024,86,0,34587,Chan Kim,7,286,2
2024,86,0,32839,Hideki Matsuyama,7,238,4
2024,86,0,59143,Mac Meissner,7,244,1
2024,86,0,49771,J.T. Poston,7,274,0
2024,86,0,24502,Adam Scott,7,214,1
2024,86,0,46441,Robby Shelton,7,260,3
2024,86,0,29221,Webb Simpson,7,160,1
2024,86,0,50493,Justin Suh,7,254,3
2024,86,0,38991,Alejandro Tosti,7,232,1
2024,86,0,48319,Tom Whitney,7,246,2
2024,86,0,45242,Kevin Yu,7,246,1
2024,104,0,22371,Aaron Baddeley,6,268,3
2024,104,0,40058,Zac Blair,6,272,4
2024,104,0,33141,Keegan Bradley,6,244,0
2024,104,0,28089,Jason Day,6,242,3
2024,104,0,57362,Austin Eckroat,6,296,1
2024,104,0,30911,Tommy Fleetwood,6,226,1
2024,104,0,56149,Wilson Furr,6,203,2
2024,104,0,34563,Chesson Hadley,6,234,0
2024,104,0,33399,Adam Hadwin,6,262,1
2024,104,0,60767,Blaine Hale Jr.,6,194,1
2024,104,0,36799,Stephan Jaeger,6,266,2
2024,104,0,55182,Tom Kim,6,252,0
2024,104,0,29478,Kevin Kisner,6,180,1
2024,104,0,33204,Shane Lowry,6,228,2
2024,104,0,52215,Robert MacIntyre,6,226,0
2024,104,0,34466,Peter Malnati,6,244,0
2024,104,0,30163,Henrik Norlander,6,222,1
2024,104,0,47806,Raul Pereda,6,173,1
2024,104,0,50095,Austin Smotherman,6,179,1
2024,104,0,25493,Nick Taylor,6,270,2
2024,104,0,51894,Vince Whaley,6,256,1
2024,104,0,31323,Gary Woodland,6,242,1
2024,104,0,52374,Brandon Wu,6,276,1
2024,127,0,40026,Daniel Berger,5,252,3
2024,127,0,55708,Hayden Buckley,5,244,1
2024,127,0,59442,Parker Coody,5,194,0
2024,127,0,52514,Trace Crowe,5,238,2
2024,127,0,34076,Joel Dahmen,5,297,1
2024,127,0,29535,Brice Garnett,5,154,2
2024,127,0,59095,Chris Gotterup,5,240,1
2024,127,0,27644,Brian Harman,5,266,0
2024,127,0,60067,Joe Highsmith,5,254,2
2024,127,0,54628,Lee Hodges,5,310,0
2024,127,0,32757,Patton Kizzire,5,214,3
2024,127,0,36884,Ben Kohles,5,288,1
2024,127,0,40162,Justin Lower,5,330,1
2024,127,0,55789,Taylor Montgomery,5,197,1
2024,127,0,23320,Ryan Palmer,5,150,2
2024,127,0,29908,C.T. Pan,5,187,2
2024,127,0,40250,Taylor Pendrith,5,248,1
2024,127,0,27139,David Skinns,5,282,0
2024,127,0,34046,Jordan Spieth,5,215,0
2024,127,0,48119,Ben Taylor,5,212,3
2024,127,0,27330,Josh Teater,5,192,0
2024,127,0,54783,Dylan Wu,5,278,2
2024,127,0,47483,Will Zalatoris,5,224,1
2024,150,0,34098,Russell Henley,4,232,1
2024,150,0,12716,Charley Hoffman,4,240,0
2024,150,0,39977,Max Homa,4,262,1
2024,150,0,46717,Viktor Hovland,4,186,1
2024,150,0,39971,Sungjae Im,4,288,2
2024,150,0,23108,Matt Kuchar,4,244,2
2024,150,0,27936,Martin Laird,4,244,0
2024,150,0,47993,Denny McCarthy,4,266,4
2024,150,0,47983,Chad Ramey,4,282,1
2024,150,0,26476,Chez Reavie,4,242,0
2024,150,0,22405,Justin Rose,4,182,0
2024,150,0,33448,Justin Thomas,4,230,2
2024,150,0,30927,Brendon Todd,4,302,1
2024,150,0,35617,Martin Trainer,4,154,2
2024,150,0,27770,Camilo Villegas,4,204,1
2024,165,0,45522,Christiaan Bezuidenhout,3,253,2
2024,165,0,33653,Thomas Detry,3,220,1
2024,165,0,47988,Nick Hardy,3,286,1
2024,165,0,52453,Nicolai Højgaard,3,188,0
2024,165,0,26596,Ryan Moore,3,244,1
2024,165,0,36699,Patrick Rodgers,3,318,0
2024,165,0,27649,Brandt Snedeker,3,208,0
2024,172,0,45157,Cam Davis,2,252,0
2024,172,0,32102,Rickie Fowler,2,264,1
2024,172,0,25900,Lucas Glover,2,302,1
2024,172,0,50525,Collin Morikawa,2,252,0
2024,172,0,51070,Vincent Norrman,2,153,0
2024,172,0,51890,Greyson Sigg,2,258,1
2024,172,0,49960,Sepp Straka,2,246,1
2024,179,0,34021,Bud Cauley,1,176,0
2024,179,0,30926,Chris Kirk,1,258,0
2024,179,0,33968,Thorbjørn Olesen,1,154,0
2024,179,0,34256,Andrew Putnam,1,270,0
2023,1,0,32333,Kevin Tway,20,328,5
2023,2,0,55789,Taylor Montgomery,18,328,1
2023,3,0,51414,Brent Grant,16,282,2
2023,4,0,58168,Davis Thompson,15,318,7
2023,5,0,55708,Hayden Buckley,14,256,3
2023,5,0,56762,Will Gordon,14,360,1
2023,5,0,46970,Jon Rahm,14,224,3
2023,5,0,52374,Brandon Wu,14,362,3
2023,9,0,54628,Lee Hodges,13,336,3
2023,9,0,35449,Adam Long,13,376,4
2023,9,0,48081,Xander Schauffele,13,248,3
2023,9,0,48867,Matti Schmid,13,272,0
2023,13,0,54421,Garrick Higgo,12,347,2
2023,13,0,51070,Vincent Norrman,12,276,3
2023,13,0,45242,Kevin Yu,12,226,1
2023,16,0,33948,Byeong Hun An,11,330,3
2023,16,0,28420,Ryan Brehm,11,282,4
2023,16,0,45157,Cam Davis,11,270,4
2023,16,0,47988,Nick Hardy,11,372,2
2023,16,0,35532,Tom Hoge,11,322,2
2023,16,0,35461,Beau Hossler,11,358,3
2023,16,0,39971,Sungjae Im,11,314,2
2023,16,0,36799,Stephan Jaeger,11,382,4
2023,16,0,27129,Luke List,11,336,1
2023,16,0,36724,Augusto Núñez,11,288,2
2023,16,0,49771,J.T. Poston,11,292,0
2023,16,0,46340,Alex Smalley,11,354,3
2023,16,0,40115,Adam Svensson,11,374,1
2023,29,0,52955,Ludvig Åberg,10,160,1
2023,29,0,56630,Akshay Bhatia,10,274,3
2023,29,0,32366,Kevin Chappell,10,196,4
2023,29,0,51766,Wyndham Clark,10,324,3
2023,29,0,47591,Eric Cole,10,386,2
2023,29,0,54591,Ben Griffin,10,376,2
2023,29,0,35506,Mackenzie Hughes,10,288,4
2023,29,0,36871,Matt NeSmith,10,310,1
2023,29,0,47995,Davis Riley,10,324,2
2023,29,0,34610,Matthias Schwab,10,334,6
2023,29,0,55893,Sam Stevens,10,344,2
2023,29,0,34431,Robert Streb,10,258,4
2023,41,0,45609,Tyler Duncan,9,304,1
2023,41,0,57362,Austin Eckroat,9,318,2
2023,41,0,32102,Rickie Fowler,9,298,3
2023,41,0,59018,Ryan Gerard,9,210,4
2023,41,0,52375,Doug Ghim,9,310,1
2023,41,0,57975,Harry Hall,9,330,0
2023,41,0,39977,Max Homa,9,268,1
2023,41,0,46717,Viktor Hovland,9,264,1
2023,41,0,39975,Michael Kim,9,312,4
2023,41,0,58696,Peter Kuest,9,148,2
2023,41,0,34466,Peter Malnati,9,324,0
2023,41,0,49947,Taylor Moore,9,318,1
2023,41,0,50525,Collin Morikawa,9,246,1
2023,41,0,46414,Aaron Rai,9,326,4
2023,41,0,22405,Justin Rose,9,212,3
2023,41,0,39335,Kevin Roy,9,258,0
2023,41,0,47347,Adam Schenk,9,360,0
2023,41,0,51890,Greyson Sigg,9,338,0
2023,41,0,52513,Carson Young,9,320,1
2023,60,0,37338,Zecheng Dou,8,320,2
2023,60,0,47079,Harrison Endycott,8,296,1
2023,60,0,32662,Michael Gligic,8,252,2
2023,60,0,34563,Chesson Hadley,8,304,1
2023,60,0,34363,Tyrrell Hatton,8,236,1
2023,60,0,49298,Kramer Hickok,8,314,4
2023,60,0,55182,Tom Kim,8,274,0
2023,60,0,30926,Chris Kirk,8,284,0
2023,60,0,28775,Nate Lashley,8,352,1
2023,60,0,47993,Denny McCarthy,8,298,0
2023,60,0,51950,Max McGreevy,8,306,0
2023,60,0,36699,Patrick Rodgers,8,317,2
2023,60,0,46046,Scottie Scheffler,8,264,3
2023,60,0,24502,Adam Scott,8,208,2
2023,60,0,46441,Robby Shelton,8,346,1
2023,60,0,40006,Erik van Rooyen,8,265,1
2023,60,0,55454,Carl Yuan,8,276,0
2023,77,0,22371,Aaron Baddeley,7,258,3
2023,77,0,45522,Christiaan Bezuidenhout,7,280,1
2023,77,0,39997,Corey Conners,7,252,1
2023,77,0,39067,MJ Daffue,7,346,5
2023,77,0,51349,Nico Echavarria,7,258,0
2023,77,0,36801,Mark Hubbard,7,373,2
2023,77,0,50188,S.H. Kim,7,370,1
2023,77,0,23108,Matt Kuchar,7,278,2
2023,77,0,27936,Martin Laird,7,296,2
2023,77,0,40162,Justin Lower,7,368,1
2023,77,0,33204,Shane Lowry,7,186,2
2023,77,0,51491,Brandon Matthews,7,201,1
2023,77,0,39546,Keith Mitchell,7,300,1
2023,77,0,47983,Chad Ramey,7,328,1
2023,77,0,29221,Webb Simpson,7,174,1
2023,77,0,50095,Austin Smotherman,7,323,0
2023,77,0,39324,J.J. Spaun,7,316,1
2023,77,0,49960,Sepp Straka,7,278,3
2023,77,0,25493,Nick Taylor,7,286,3
2023,77,0,33448,Justin Thomas,7,234,3
2023,77,0,35617,Martin Trainer,7,224,1
2023,77,0,47128,Richy Werenski,7,332,2
2023,99,0,34255,Joseph Bramlett,6,266,3
2023,99,0,48084,Wesley Bryan,6,164,1
2023,99,0,47504,Sam Burns,6,251,0
2023,99,0,52372,Cameron Champ,6,252,1
2023,99,0,20229,Stewart Cink,6,256,1
2023,99,0,49453,Trevor Cone,6,282,1
2023,99,0,33653,Thomas Detry,6,320,2
2023,99,0,29970,Dylan Frittelli,6,259,1
2023,99,0,29535,Brice Garnett,6,296,1
2023,99,0,25900,Lucas Glover,6,320,0
2023,99,0,35310,Lanto Griffin,6,201,0
2023,99,0,35901,Paul Haley II,6,310,0
2023,99,0,27644,Brian Harman,6,272,0
2023,99,0,27554,Scott Harrington,6,278,1
2023,99,0,32757,Patton Kizzire,6,326,0
2023,99,0,35879,Kelly Kraft,6,291,2
2023,99,0,36326,David Lipsky,6,332,0
2023,99,0,32839,Hideki Matsuyama,6,274,2
2023,99,0,26596,Ryan Moore,6,278,1
2023,99,0,30163,Henrik Norlander,6,310,1
2023,99,0,23320,Ryan Palmer,6,252,1
2023,99,0,40250,Taylor Pendrith,6,332,2
2023,99,0,22056,Cameron Percy,6,230,2
2023,99,0,25818,Scott Piercy,6,327,2
2023,99,0,28252,Seamus Power,6,258,1
2023,99,0,37275,Sam Ryder,6,362,1
2023,99,0,34046,Jordan Spieth,6,224,3
2023,99,0,30692,Scott Stallings,6,278,1
2023,99,0,27214,Kevin Streelman,6,316,3
2023,99,0,27095,Nick Watney,6,262,1
2023,129,0,40058,Zac Blair,5,246,1
2023,129,0,35450,Patrick Cantlay,5,220,0
2023,129,0,34099,Harris English,5,284,1
2023,129,0,29725,Tony Finau,5,260,2
2023,129,0,40098,Matt Fitzpatrick,5,224,1
2023,129,0,30911,Tommy Fleetwood,5,218,1
2023,129,0,39954,Cody Gribble,5,240,1
2023,129,0,32448,James Hahn,5,272,3
2023,129,0,33597,Harry Higgs,5,286,2
2023,129,0,32791,K.H. Lee,5,336,1
2023,129,0,31202,William McGirt,5,184,2
2023,129,0,28237,Rory McIlroy,5,184,2
2023,129,0,46442,Maverick McNealy,5,199,0
2023,129,0,29289,S.Y. Noh,5,232,1
2023,129,0,27349,Alex Noren,5,296,1
2023,129,0,29908,C.T. Pan,5,171,0
2023,129,0,34256,Andrew Putnam,5,344,1
2023,129,0,26476,Chez Reavie,5,311,0
2023,129,0,51634,Sahith Theegala,5,340,1
2023,129,0,58967,Trevor Werbylo,5,285,1
2023,129,0,52411,Kyle Westmoreland,5,270,0
2023,129,0,32139,Danny Willett,5,217,0
2023,129,0,31323,Gary Woodland,5,269,0
2023,129,0,54783,Dylan Wu,5,352,1
2023,153,0,19803,Ryan Armour,4,310,1
2023,153,0,24925,Jonathan Byrd,4,206,1
2023,153,0,46435,Austin Cook,4,294,0
2023,153,0,28089,Jason Day,4,246,0
2023,153,0,25686,Jason Dufner,4,310,0
2023,153,0,31646,Emiliano Grillo,4,356,1
2023,153,0,52453,Nicolai Hojgaard,4,148,1
2023,153,0,27974,Sung Kang,4,174,0
2023,153,0,37455,Si Woo Kim,4,298,1
2023,153,0,33122,Russell Knox,4,368,0
2023,153,0,32816,Satoshi Kodaira,4,218,0
2023,153,0,33413,Ben Martin,4,334,0
2023,153,0,32640,Troy Merritt,4,300,0
2023,153,0,27963,Chris Stroud,4,198,1
2023,153,0,31560,Brian Stuard,4,252,1
2023,153,0,48699,Callum Tarren,4,320,1
2023,153,0,48119,Ben Taylor,4,340,2
2023,153,0,30927,Brendon Todd,4,320,0
2023,153,0,25632,Jimmy Walker,4,280,1
2023,153,0,48887,Matt Wallace,4,264,1
2023,173,0,33408,Tyson Alexander,3,310,0
2023,173,0,33141,Keegan Bradley,3,254,2
2023,173,0,33399,Adam Hadwin,3,276,2
2023,173,0,34098,Russell Henley,3,242,1
2023,173,0,39058,Lucas Herbert,3,194,1
2023,173,0,12716,Charley Hoffman,3,268,1
2023,173,0,29420,Billy Horschel,3,188,1
2023,173,0,48117,Kurt Kitayama,3,210,1
2023,173,0,33410,Andrew Landry,3,268,2
2023,173,0,34409,David Lingmerth,3,281,1
2023,173,0,51997,Andrew Novak,3,308,0
2023,173,0,50493,Justin Suh,3,356,0
2023,173,0,57366,Cameron Young,3,268,1
2023,186,0,31577,Tano Goya,2,310,0
2023,186,0,24024,Zach Johnson,2,206,2
2023,186,0,46601,Trey Mullinax,2,234,0
2023,186,0,53165,Doc Redman,2,254,1
2023,190,0,34076,Joel Dahmen,1,294,0
2023,190,0,49766,Hank Lebioda,1,220,0
2023,190,0,24140,Sean O'Hair,1,182,0
2022,1,0,36699,Patrick Rodgers,18,278,4
2022,2,0,46442,Maverick McNealy,17,282,3
2022,3,0,39971,Sungjae Im,16,274,6
2022,4,0,46402,Talor Gooch,15,224,3
2022,5,0,36326,David Lipsky,14,290,4
2022,6,0,54628,Lee Hodges,12,290,4
2022,6,0,36799,Stephan Jaeger,12,266,5
2022,6,0,30926,Chris Kirk,12,264,1
2022,6,0,33448,Justin Thomas,12,234,1
2022,6,0,27064,Jhonattan Vegas,12,252,2
2022,11,0,51766,Wyndham Clark,11,316,1
2022,11,0,46601,Trey Mullinax,11,268,2
2022,11,0,28252,Seamus Power,11,240,2
2022,11,0,47995,Davis Riley,11,288,3
2022,11,0,37275,Sam Ryder,11,278,5
2022,11,0,51634,Sahith Theegala,11,366,2
2022,11,0,33419,Cameron Tringale,11,300,2
2022,11,0,49964,Aaron Wise,11,262,1
2022,11,0,31323,Gary Woodland,11,222,0
2022,20,0,55708,Hayden Buckley,10,294,1
2022,20,0,45157,Cam Davis,10,254,2
2022,20,0,45609,Tyler Duncan,10,269,3
2022,20,0,49298,Kramer Hickok,10,286,1
2022,20,0,53165,Doc Redman,10,266,1
2022,20,0,24502,Adam Scott,10,218,1
2022,20,0,34046,Jordan Spieth,10,228,4
2022,27,0,35450,Patrick Cantlay,9,208,2
2022,27,0,31646,Emiliano Grillo,9,272,2
2022,27,0,34098,Russell Henley,9,232,3
2022,27,0,39977,Max Homa,9,254,2
2022,27,0,32757,Patton Kizzire,9,292,1
2022,27,0,32791,K.H. Lee,9,288,3
2022,27,0,32839,Hideki Matsuyama,9,225,0
2022,27,0,28237,Rory McIlroy,9,176,2
2022,27,0,32640,Troy Merritt,9,286,2
2022,27,0,48822,Sebastián Muñoz,9,256,0
2022,27,0,45486,Joaquin Niemann,9,240,3
2022,27,0,25818,Scott Piercy,9,246,2
2022,27,0,49771,J.T. Poston,9,256,1
2022,27,0,34256,Andrew Putnam,9,286,2
2022,27,0,46046,Scottie Scheffler,9,254,3
2022,27,0,30692,Scott Stallings,9,306,2
2022,27,0,48699,Callum Tarren,9,217,0
2022,44,0,33141,Keegan Bradley,8,248,2
2022,44,0,29970,Dylan Frittelli,8,290,4
2022,44,0,32662,Michael Gligic,8,236,1
2022,44,0,33122,Russell Knox,8,274,4
2022,44,0,46414,Aaron Rai,8,274,0
2022,44,0,47856,Seth Reeves,8,232,0
2022,44,0,23621,Rory Sabbatini,8,164,2
2022,44,0,46340,Alex Smalley,8,296,4
2022,44,0,34431,Robert Streb,8,258,2
2022,44,0,34264,Hudson Swafford,8,218,0
2022,44,0,51894,Vince Whaley,8,280,2
2022,55,0,48084,Wesley Bryan,7,162,4
2022,55,0,52372,Cameron Champ,7,200,2
2022,55,0,39997,Corey Conners,7,260,2
2022,55,0,40098,Matt Fitzpatrick,7,206,0
2022,55,0,52375,Doug Ghim,7,270,1
2022,55,0,32448,James Hahn,7,224,1
2022,55,0,27644,Brian Harman,7,256,1
2022,55,0,34363,Tyrrell Hatton,7,188,1
2022,55,0,33597,Harry Higgs,7,250,2
2022,55,0,35532,Tom Hoge,7,304,2
2022,55,0,29420,Billy Horschel,7,202,1
2022,55,0,26300,Matt Jones,7,200,2
2022,55,0,47993,Denny McCarthy,7,302,1
2022,55,0,40250,Taylor Pendrith,7,232,1
2022,55,0,22056,Cameron Percy,7,148,1
2022,55,0,47529,Mito Pereira,7,276,3
2022,55,0,46970,Jon Rahm,7,224,0
2022,55,0,26476,Chez Reavie,7,266,2
2022,55,0,48081,Xander Schauffele,7,220,2
2022,55,0,29221,Webb Simpson,7,172,3
2022,55,0,35891,Cameron Smith,7,184,1
2022,55,0,40115,Adam Svensson,7,320,2
2022,55,0,37189,Harold Varner III,7,213,1
2022,78,0,37212,Paul Barjon,6,234,1
2022,78,0,45522,Christiaan Bezuidenhout,6,240,1
2022,78,0,47504,Sam Burns,6,244,1
2022,78,0,29725,Tony Finau,6,260,2
2022,78,0,24980,Scott Gutschewski,6,194,2
2022,78,0,47988,Nick Hardy,6,188,1
2022,78,0,36801,Mark Hubbard,6,212,2
2022,78,0,35506,Mackenzie Hughes,6,248,0
2022,78,0,29478,Kevin Kisner,6,204,2
2022,78,0,30944,Jason Kokrak,6,190,0
2022,78,0,29926,Danny Lee,6,166,1
2022,78,0,26851,Marc Leishman,6,226,0
2022,78,0,27129,Luke List,6,252,1
2022,78,0,33204,Shane Lowry,6,172,0
2022,78,0,39546,Keith Mitchell,6,256,0
2022,78,0,50525,Collin Morikawa,6,178,0
2022,78,0,23320,Ryan Palmer,6,204,0
2022,78,0,22405,Justin Rose,6,166,1
2022,78,0,27139,David Skinns,6,220,2
2022,78,0,50095,Austin Smotherman,6,258,2
2022,78,0,10381,Curtis Thompson,6,218,0
2022,78,0,32150,Michael Thompson,6,270,1
2022,78,0,35617,Martin Trainer,6,252,0
2022,78,0,27095,Nick Watney,6,246,1
2022,78,0,45540,Jared Wolfe,6,196,1
2022,78,0,52374,Brandon Wu,6,244,1
2022,78,0,57366,Cameron Young,6,246,0
2022,105,0,45526,Abraham Ancer,5,186,2
2022,105,0,32366,Kevin Chappell,5,184,1
2022,105,0,20229,Stewart Cink,5,226,2
2022,105,0,46435,Austin Cook,5,234,2
2022,105,0,29974,Branden Grace,5,170,2
2022,105,0,46550,Brandon Hagy,5,267,2
2022,105,0,33490,Bo Hoag,5,160,2
2022,105,0,35461,Beau Hossler,5,216,0
2022,105,0,34174,John Huh,5,234,0
2022,105,0,27974,Sung Kang,5,271,1
2022,105,0,37455,Si Woo Kim,5,314,2
2022,105,0,48117,Kurt Kitayama,5,222,0
2022,105,0,32816,Satoshi Kodaira,5,157,0
2022,105,0,36884,Ben Kohles,5,208,1
2022,105,0,27936,Martin Laird,5,206,1
2022,105,0,28775,Nate Lashley,5,260,1
2022,105,0,30163,Henrik Norlander,5,230,0
2022,105,0,51997,Andrew Novak,5,250,2
2022,105,0,33667,Carlos Ortiz,5,208,2
2022,105,0,34610,Matthias Schwab,5,216,0
2022,105,0,27649,Brandt Snedeker,5,192,0
2022,105,0,39324,J.J. Spaun,5,310,2
2022,105,0,27214,Kevin Streelman,5,288,2
2022,105,0,32333,Kevin Tway,5,242,1
2022,105,0,28114,Dawie van der Walt,5,208,1
2022,105,0,47128,Richy Werenski,5,210,2
2022,105,0,54783,Dylan Wu,5,218,0
2022,105,0,47483,Will Zalatoris,5,244,3
2022,133,0,30978,Kiradech Aphibarnrat,4,178,0
2022,133,0,32102,Rickie Fowler,4,210,0
2022,133,0,25900,Lucas Glover,4,288,0
2022,133,0,24924,Bill Haas,4,292,0
2022,133,0,33399,Adam Hadwin,4,294,1
2022,133,0,46717,Viktor Hovland,4,216,1
2022,133,0,36852,Jim Knous,4,170,0
2022,133,0,36689,Brooks Koepka,4,142,1
2022,133,0,35879,Kelly Kraft,4,222,1
2022,133,0,23108,Matt Kuchar,4,224,3
2022,133,0,31420,Anirban Lahiri,4,228,1
2022,133,0,35449,Adam Long,4,280,2
2022,133,0,40162,Justin Lower,4,236,0
2022,133,0,34466,Peter Malnati,4,334,1
2022,133,0,36871,Matthew NeSmith,4,280,0
2022,133,0,47983,Chad Ramey,4,234,1
2022,133,0,47347,Adam Schenk,4,283,1
2022,133,0,29518,Brendan Steele,4,230,3
2022,133,0,25493,Nick Taylor,4,282,1
2022,133,0,40006,Erik van Rooyen,4,152,1
2022,133,0,48887,Matt Wallace,4,178,0
2022,154,0,27895,Jonas Blixt,3,162,0
2022,154,0,34255,Joseph Bramlett,3,264,1
2022,154,0,24925,Jonathan Byrd,3,190,1
2022,154,0,34076,Joel Dahmen,3,256,1
2022,154,0,28089,Jason Day,3,192,0
2022,154,0,35110,Brett Drewitt,3,186,1
2022,154,0,30911,Tommy Fleetwood,3,172,1
2022,154,0,35310,Lanto Griffin,3,262,0
2022,154,0,34563,Chesson Hadley,3,266,2
2022,154,0,39058,Lucas Herbert,3,166,1
2022,154,0,12716,Charley Hoffman,3,222,1
2022,154,0,24024,Zach Johnson,3,194,2
2022,154,0,49766,Hank Lebioda,3,260,1
2022,154,0,25198,Francesco Molinari,3,171,0
2022,154,0,27349,Alex Noren,3,208,0
2022,154,0,29908,C.T. Pan,3,262,1
2022,154,0,39953,Chase Seiffert,3,162,2
2022,154,0,51890,Greyson Sigg,3,298,0
2022,154,0,49960,Sepp Straka,3,296,1
2022,154,0,27770,Camilo Villegas,3,228,1
2022,154,0,56278,Matthew Wolff,3,152,0
2022,175,0,23983,Luke Donald,2,206,1
2022,175,0,25686,Jason Dufner,2,164,0
2022,175,0,29535,Brice Garnett,2,268,0
2022,175,0,31557,Jim Herman,2,166,1
2022,175,0,54421,Garrick Higgo,2,176,0
2022,175,0,51950,Max McGreevy,2,232,0
2022,175,0,49947,Taylor Moore,2,272,0
2022,175,0,29289,S.Y. Noh,2,229,0
2022,175,0,24361,Pat Perez,2,221,1
2022,175,0,34360,Patrick Reed,2,224,1
2022,175,0,33486,Roger Sloan,2,233,0
2022,175,0,31560,Brian Stuard,2,288,2
2022,175,0,30927,Brendon Todd,2,258,0
2022,188,0,19803,Ryan Armour,1,156,0
2022,188,0,39436,Joshua Creel,1,154,0
2022,188,0,24138,Ian Poulter,1,136,1
2022,188,0,32139,Danny Willett,1,198,0
2021,1,0,45157,Cam Davis,15,310,2
2021,1,0,47959,Bryson DeChambeau,15,262,1
2021,1,0,33667,Carlos Ortiz,15,308,2
2021,1,0,33448,Justin Thomas,15,278,0
2021,5,0,27129,Luke List,14,300,0
2021,6,0,39971,Sungjae Im,13,404,2
2021,6,0,32839,Hideki Matsuyama,13,320,1
2021,8,0,34255,Joseph Bramlett,12,272,3
2021,8,0,39997,Corey Conners,12,350,1
2021,8,0,34099,Harris English,12,292,4
2021,8,0,29725,Tony Finau,12,296,3
2021,8,0,49771,J.T. Poston,12,278,2
2021,8,0,48081,Xander Schauffele,12,256,2
2021,8,0,34264,Hudson Swafford,12,272,3
2021,8,0,25493,Nick Taylor,12,308,4
2021,8,0,47483,Will Zalatoris,12,286,0
2021,17,0,47504,Sam Burns,11,278,5
2021,17,0,52372,Cameron Champ,11,270,2
2021,17,0,27554,Scott Harrington,11,266,5
2021,17,0,32757,Patton Kizzire,11,338,4
2021,17,0,32791,K.H. Lee,11,348,2
2021,17,0,23320,Ryan Palmer,11,256,1
2021,17,0,34046,Jordan Spieth,11,302,3
2021,24,0,51766,Wyndham Clark,10,254,3
2021,24,0,19846,Brian Gay,10,224,3
2021,24,0,33597,Harry Higgs,10,268,4
2021,24,0,30925,Dustin Johnson,10,224,0
2021,24,0,31420,Anirban Lahiri,10,228,0
2021,24,0,26329,Louis Oosthuizen,10,246,1
2021,24,0,46970,Jon Rahm,10,270,0
2021,24,0,37275,Sam Ryder,10,282,2
2021,24,0,27649,Brandt Snedeker,10,276,6
2021,24,0,49960,Sepp Straka,10,304,3
2021,24,0,35658,Kris Ventura,10,244,1
2021,24,0,51894,Vince Whaley,10,276,4
2021,36,0,21209,Sergio Garcia,9,232,2
2021,36,0,29535,Brice Garnett,9,292,1
2021,36,0,56762,Will Gordon,9,294,1
2021,36,0,35310,Lanto Griffin,9,304,1
2021,36,0,31646,Emiliano Grillo,9,318,0
2021,36,0,27644,Brian Harman,9,312,2
2021,36,0,12716,Charley Hoffman,9,332,1
2021,36,0,39977,Max Homa,9,290,2
2021,36,0,39975,Michael Kim,9,229,3
2021,36,0,37455,Si Woo Kim,9,320,2
2021,36,0,36689,Brooks Koepka,9,212,0
2021,36,0,45486,Joaquin Niemann,9,318,3
2021,36,0,27556,Ted Potter Jr.,9,228,3
2021,36,0,26331,Charl Schwartzel,9,306,2
2021,36,0,35891,Cameron Smith,9,266,2
2021,36,0,37189,Harold Varner III,9,284,1
2021,36,0,27770,Camilo Villegas,9,248,1
2021,53,0,40026,Daniel Berger,8,270,1
2021,53,0,33141,Keegan Bradley,8,286,2
2021,53,0,20229,Stewart Cink,8,280,2
2021,53,0,46402,Talor Gooch,8,302,2
2021,53,0,33399,Adam Hadwin,8,286,1
2021,53,0,35532,Tom Hoge,8,330,2
2021,53,0,29420,Billy Horschel,8,282,3
2021,53,0,30944,Jason Kokrak,8,292,2
2021,53,0,27936,Martin Laird,8,286,1
2021,53,0,32640,Troy Merritt,8,314,3
2021,53,0,39546,Keith Mitchell,8,264,1
2021,53,0,30163,Henrik Norlander,8,282,2
2021,53,0,34360,Patrick Reed,8,264,1
2021,53,0,36699,Patrick Rodgers,8,346,1
2021,53,0,22405,Justin Rose,8,172,0
2021,53,0,24502,Adam Scott,8,218,0
2021,53,0,29221,Webb Simpson,8,236,0
2021,53,0,30110,Kyle Stanley,8,298,0
2021,53,0,29518,Brendan Steele,8,258,3
2021,53,0,23325,Vaughn Taylor,8,263,3
2021,53,0,25804,Bubba Watson,8,236,0
2021,53,0,47128,Richy Werenski,8,290,2
2021,53,0,49964,Aaron Wise,8,262,1
2021,76,0,25364,Paul Casey,7,248,1
2021,76,0,40098,Matt Fitzpatrick,7,228,1
2021,76,0,32662,Michael Gligic,7,270,2
2021,76,0,36801,Mark Hubbard,7,310,4
2021,76,0,35506,Mackenzie Hughes,7,292,0
2021,76,0,29478,Kevin Kisner,7,248,2
2021,76,0,33122,Russell Knox,7,308,1
2021,76,0,49766,Hank Lebioda,7,242,3
2021,76,0,26851,Marc Leishman,7,262,0
2021,76,0,34213,Grayson Murray,7,173,2
2021,76,0,25396,Kevin Na,7,280,1
2021,76,0,36871,Matthew NeSmith,7,288,1
2021,76,0,25818,Scott Piercy,7,248,2
2021,76,0,33486,Roger Sloan,7,274,3
2021,76,0,30692,Scott Stallings,7,248,0
2021,76,0,32150,Michael Thompson,7,242,0
2021,76,0,30927,Brendon Todd,7,276,1
2021,76,0,35617,Martin Trainer,7,196,2
2021,76,0,32333,Kevin Tway,7,200,3
2021,76,0,56278,Matthew Wolff,7,178,0
2021,96,0,28420,Ryan Brehm,6,200,1
2021,96,0,29479,Scott Brown,6,272,0
2021,96,0,26499,Rafa Cabrera Bello,6,240,2
2021,96,0,45609,Tyler Duncan,6,308,2
2021,96,0,34098,Russell Henley,6,260,1
2021,96,0,31557,Jim Herman,6,214,1
2021,96,0,33490,Bo Hoag,6,297,0
2021,96,0,35461,Beau Hossler,6,296,0
2021,96,0,26300,Matt Jones,6,320,2
2021,96,0,28775,Nate Lashley,6,238,1
2021,96,0,35230,Nelson Ledesma,6,168,1
2021,96,0,24781,Hunter Mahan,6,189,1
2021,96,0,47993,Denny McCarthy,6,312,1
2021,96,0,46442,Maverick McNealy,6,256,2
2021,96,0,48822,Sebastián Muñoz,6,344,1
2021,96,0,27942,Rob Oppenheim,6,250,2
2021,96,0,22056,Cameron Percy,6,266,3
2021,96,0,46046,Scottie Scheffler,6,338,2
2021,96,0,34431,Robert Streb,6,256,1
2021,96,0,27214,Kevin Streelman,6,308,2
2021,96,0,23788,D.J. Trahan,6,224,1
2021,96,0,23623,Bo Van Pelt,6,242,1
2021,96,0,40006,Erik van Rooyen,6,230,1
2021,96,0,25632,Jimmy Walker,6,252,3
2021,120,0,33948,Byeong Hun An,5,284,3
2021,120,0,19803,Ryan Armour,5,254,3
2021,120,0,22371,Aaron Baddeley,5,184,1
2021,120,0,35450,Patrick Cantlay,5,260,2
2021,120,0,46550,Brandon Hagy,5,250,0
2021,120,0,32448,James Hahn,5,232,1
2021,120,0,46717,Viktor Hovland,5,283,2
2021,120,0,27974,Sung Kang,5,280,0
2021,120,0,35104,Tom Lewis,5,266,0
2021,120,0,35449,Adam Long,5,276,2
2021,120,0,34466,Peter Malnati,5,256,0
2021,120,0,40042,Tyler McCumber,5,222,1
2021,120,0,50525,Collin Morikawa,5,256,2
2021,120,0,27349,Alex Noren,5,286,1
2021,120,0,29908,C.T. Pan,5,254,1
2021,120,0,24361,Pat Perez,5,320,0
2021,120,0,23621,Rory Sabbatini,5,237,1
2021,120,0,48119,Ben Taylor,5,172,2
2021,120,0,27330,Josh Teater,5,170,2
2021,120,0,27095,Nick Watney,5,184,2
2021,120,0,31323,Gary Woodland,5,238,1
2021,141,0,45526,Abraham Ancer,4,320,1
2021,141,0,34314,Sebastian Cappelen,4,188,0
2021,141,0,29970,Dylan Frittelli,4,240,0
2021,141,0,25900,Lucas Glover,4,312,1
2021,141,0,29974,Branden Grace,4,272,1
2021,141,0,34563,Chesson Hadley,4,232,0
2021,141,0,26758,David Hearn,4,220,4
2021,141,0,49298,Kramer Hickok,4,229,1
2021,141,0,34174,John Huh,4,188,4
2021,141,0,24024,Zach Johnson,4,258,1
2021,141,0,30926,Chris Kirk,4,278,0
2021,141,0,23108,Matt Kuchar,4,214,2
2021,141,0,33410,Andrew Landry,4,218,3
2021,141,0,29926,Danny Lee,4,201,3
2021,141,0,24138,Ian Poulter,4,224,3
2021,141,0,47347,Adam Schenk,4,338,1
2021,141,0,39953,Chase Seiffert,4,260,1
2021,141,0,33419,Cameron Tringale,4,306,1
2021,159,0,33120,Mark Anderson,3,198,0
2021,159,0,28089,Jason Day,3,226,0
2021,159,0,25686,Jason Dufner,3,284,0
2021,159,0,30911,Tommy Fleetwood,3,196,1
2021,159,0,33204,Shane Lowry,3,246,1
2021,159,0,28237,Rory McIlroy,3,250,0
2021,159,0,24140,Sean O'Hair,3,170,0
2021,159,0,53165,Doc Redman,3,256,0
2021,159,0,27064,Jhonattan Vegas,3,292,0
2021,159,0,48887,Matt Wallace,3,167,0
2021,159,0,20396,Lee Westwood,3,200,1
2021,159,0,32139,Danny Willett,3,165,0
2021,171,0,33404,Chris Baker,2,178,0
2021,171,0,29268,Bronson Burgoon,2,240,0
2021,171,0,32070,Rafael Campos,2,202,0
2021,171,0,24357,K.J. Choi,2,176,1
2021,171,0,46435,Austin Cook,2,234,1
2021,171,0,23983,Luke Donald,2,184,1
2021,171,0,32102,Rickie Fowler,2,268,1
2021,171,0,48045,Michael Gellerman,2,163,1
2021,171,0,32618,Rhein Gibson,2,196,0
2021,171,0,28679,Fabián Gómez,2,187,1
2021,171,0,34363,Tyrrell Hatton,2,190,1
2021,171,0,27141,J.B. Holmes,2,161,0
2021,171,0,21961,Charles Howell III,2,236,0
2021,171,0,32816,Satoshi Kodaira,2,250,1
2021,171,0,33413,Ben Martin,2,178,2
2021,171,0,28252,Seamus Power,2,192,1
2021,171,0,34256,Andrew Putnam,2,290,1
2021,171,0,26476,Chez Reavie,2,264,1
2021,171,0,46441,Robby Shelton,2,258,1
2021,171,0,39324,J.J. Spaun,2,244,0
2021,171,0,31560,Brian Stuard,2,336,0
2021,192,0,34076,Joel Dahmen,1,282,0
2021,192,0,52375,Doug Ghim,1,286,1
2021,192,0,24924,Bill Haas,1,154,1
2021,192,0,1810,Phil Mickelson,1,252,0
2021,192,0,32254,Xinjun Zhang,1,230,1
2020,1,0,50525,Collin Morikawa,14,242,5
2020,2,0,30925,Dustin Johnson,13,135,2
2020,3,0,36801,Mark Hubbard,12,254,2
2020,3,0,30692,Scott Stallings,12,210,3
2020,5,0,28679,Fabián Gómez,11,178,4
2020,5,0,27129,Luke List,11,220,1
2020,5,0,28237,Rory McIlroy,11,172,0
2020,8,0,46717,Viktor Hovland,10,220,2
2020,8,0,35449,Adam Long,10,266,2
2020,8,0,32839,Hideki Matsuyama,10,230,5
2020,8,0,46046,Scottie Scheffler,10,244,1
2020,12,0,27942,Rob Oppenheim,9,196,4
2020,12,0,33667,Carlos Ortiz,9,226,3
2020,12,0,25493,Nick Taylor,9,182,2
2020,15,0,51766,Wyndham Clark,8,194,1
2020,15,0,45157,Cam Davis,8,184,2
2020,15,0,32102,Rickie Fowler,8,146,1
2020,15,0,35310,Lanto Griffin,8,286,2
2020,15,0,48822,Sebastián Muñoz,8,258,1
2020,15,0,30163,Henrik Norlander,8,238,2
2020,15,0,35732,Wes Roach,8,136,2
2020,15,0,27330,Josh Teater,8,134,3
2020,23,0,47504,Sam Burns,7,184,1
2020,23,0,39997,Corey Conners,7,226,0
2020,23,0,40098,Matt Fitzpatrick,7,166,2
2020,23,0,34563,Chesson Hadley,7,188,1
2020,23,0,46550,Brandon Hagy,7,148,1
2020,23,0,29420,Billy Horschel,7,234,1
2020,23,0,21961,Charles Howell III,7,216,1
2020,23,0,26300,Matt Jones,7,222,3
2020,23,0,28775,Nate Lashley,7,157,3
2020,23,0,27349,Alex Noren,7,166,1
2020,23,0,24138,Ian Poulter,7,140,2
2020,23,18,46970,Jon Rahm,7,168,1
2020,23,0,34360,Patrick Reed,7,218,1
2020,23,0,47347,Adam Schenk,7,236,3
2020,23,0,39953,Chase Seiffert,7,180,1
2020,23,0,33486,Roger Sloan,7,160,4
2020,23,0,35891,Cameron Smith,7,182,0
2020,23,0,34046,Jordan Spieth,7,188,0
2020,23,0,25804,Bubba Watson,7,194,1
2020,42,-1,33404,Chris Baker,6,158,2
2020,42,-1,33141,Keegan Bradley,6,208,2
2020,42,-1,34255,Joseph Bramlett,6,168,0
2020,42,-1,52372,Cameron Champ,6,230,0
2020,42,-1,34076,Joel Dahmen,6,233,0
2020,42,-1,45609,Tyler Duncan,6,248,2
2020,42,-1,29725,Tony Finau,6,216,1
2020,42,-1,31646,Emiliano Grillo,6,204,1
2020,42,-1,33399,Adam Hadwin,6,200,1
2020,42,-1,12716,Charley Hoffman,6,196,0
2020,42,-1,39977,Max Homa,6,228,2
2020,42,-1,35461,Beau Hossler,6,216,2
2020,42,-1,49766,Hank Lebioda,6,172,2
2020,42,-1,34466,Peter Malnati,6,182,2
2020,42,-1,47993,Denny McCarthy,6,234,2
2020,42,-1,36871,Matthew NeSmith,6,210,3
2020,42,-1,22056,Cameron Percy,6,144,1
2020,42,-1,24361,Pat Perez,6,179,0
2020,42,-1,53165,Doc Redman,6,252,2
2020,42,-1,23621,Rory Sabbatini,6,200,0
2020,42,-1,27214,Kevin Streelman,6,226,1
2020,42,-1,35617,Martin Trainer,6,152,2
2020,42,-1,27064,Jhonattan Vegas,6,160,2
2020,42,-1,56278,Matthew Wolff,6,230,1
2020,66,22,45526,Abraham Ancer,5,216,1
2020,66,0,33120,Mark Anderson,5,150,1
2020,66,0,28420,Ryan Brehm,5,166,1
2020,66,0,35450,Patrick Cantlay,5,142,0
2020,66,0,28089,Jason Day,5,164,1
2020,66,0,47959,Bryson DeChambeau,5,174,0
2020,66,0,34099,Harris English,5,230,1
2020,66,0,29535,Brice Garnett,5,180,1
2020,66,0,46402,Talor Gooch,5,248,0
2020,66,0,27644,Brian Harman,5,218,1
2020,66,0,27554,Scott Harrington,5,218,0
2020,66,0,33597,Harry Higgs,5,254,1
2020,66,0,39971,Sungjae Im,5,282,1
2020,66,0,27936,Martin Laird,5,132,0
2020,66,0,46442,Maverick McNealy,5,246,0
2020,66,0,45486,Joaquin Niemann,5,216,0
2020,66,0,28252,Seamus Power,5,108,1
2020,66,0,36699,Patrick Rodgers,5,292,1
2020,66,0,22405,Justin Rose,5,112,2
2020,66,0,48081,Xander Schauffele,5,208,1
2020,66,0,24502,Adam Scott,5,116,0
2020,66,22,33448,Justin Thomas,5,194,2
2020,66,0,30927,Brendon Todd,5,254,1
2020,66,0,31323,Gary Woodland,5,182,0
2020,90,-2,33948,Byeong Hun An,4,226,1
2020,90,-2,19803,Ryan Armour,4,176,1
2020,90,-2,21407,Arjun Atwal,4,102,1
2020,90,-2,29479,Scott Brown,4,198,2
2020,90,-2,29268,Bronson Burgoon,4,168,1
2020,90,-2,34314,Sebastian Cappelen,4,178,0
2020,90,-2,25364,Paul Casey,4,166,0
2020,90,-2,34021,Bud Cauley,4,184,2
2020,90,-2,32366,Kevin Chappell,4,136,0
2020,90,-2,46435,Austin Cook,4,190,1
2020,90,-2,25686,Jason Dufner,4,194,0
2020,90,-2,30911,Tommy Fleetwood,4,114,0
2020,90,-2,29970,Dylan Frittelli,4,252,0
2020,90,-2,19846,Brian Gay,4,208,2
2020,90,-2,48045,Michael Gellerman,4,144,0
2020,90,-2,32618,Rhein Gibson,4,166,1
2020,90,-2,32662,Michael Gligic,4,158,0
2020,90,-2,34098,Russell Henley,4,178,3
2020,90,-2,33490,Bo Hoag,4,216,1
2020,90,40,35506,Mackenzie Hughes,4,200,1
2020,90,-2,27974,Sung Kang,4,224,2
2020,90,-2,23108,Matt Kuchar,4,170,0
2020,90,-2,29926,Danny Lee,4,202,0
2020,90,-2,40042,Tyler McCumber,4,173,0
2020,90,-2,1810,Phil Mickelson,4,168,0
2020,90,-2,39546,Keith Mitchell,4,198,1
2020,90,40,23320,Ryan Palmer,4,194,2
2020,90,-2,25818,Scott Piercy,4,202,1
2020,90,-2,49771,J.T. Poston,4,228,1
2020,90,-2,26476,Chez Reavie,4,244,3
2020,90,-2,37275,Sam Ryder,4,218,1
2020,90,-2,29221,Webb Simpson,4,138,0
2020,90,-2,39324,J.J. Spaun,4,192,2
2020,90,-2,29518,Brendan Steele,4,188,1
2020,90,-2,49960,Sepp Straka,4,218,1
2020,90,-2,48119,Ben Taylor,4,142,1
2020,90,-2,32150,Michael Thompson,4,184,2
2020,90,-2,37189,Harold Varner III,4,226,0
2020,90,-2,25632,Jimmy Walker,4,148,0
2020,90,-2,51894,Vince Whaley,4,124,0
2020,130,0,40026,Daniel Berger,3,180,0
2020,130,0,10809,Jim Furyk,3,114,0
2020,130,0,52375,Doug Ghim,3,124,1
2020,130,0,25900,Lucas Glover,3,220,0
2020,130,0,56762,Will Gordon,3,96,0
2020,130,0,32448,James Hahn,3,118,1
2020,130,0,49298,Kramer Hickok,3,146,1
2020,130,0,35532,Tom Hoge,3,224,0
2020,130,0,32757,Patton Kizzire,3,160,1
2020,130,0,36689,Brooks Koepka,3,116,0
2020,130,0,35230,Nelson Ledesma,3,136,1
2020,130,0,26851,Marc Leishman,3,180,1
2020,130,0,33204,Shane Lowry,3,120,1
2020,130,0,25572,Graeme McDowell,3,151,0
2020,130,0,32640,Troy Merritt,3,216,1
2020,130,0,34213,Grayson Murray,3,114,0
2020,130,0,25396,Kevin Na,3,216,1
2020,130,0,26329,Louis Oosthuizen,3,134,1
2020,130,0,29908,C.T. Pan,3,172,1
2020,130,0,27556,Ted Potter Jr.,3,142,1
2020,130,0,34256,Andrew Putnam,3,152,0
2020,130,0,46441,Robby Shelton,3,222,1
2020,130,0,34431,Robert Streb,3,164,1
2020,130,0,31560,Brian Stuard,3,246,1
2020,130,0,33419,Cameron Tringale,3,206,1
2020,130,0,29484,Peter Uihlein,3,132,0
2020,130,0,35658,Kris Ventura,3,146,0
2020,130,0,27095,Nick Watney,3,139,0
2020,130,0,25349,Tim Wilkinson,3,146,0
2020,130,0,49964,Aaron Wise,3,138,1
2020,130,0,32254,Xinjun Zhang,3,260,1
2020,161,4,22371,Aaron Baddeley,2,158,0
2020,161,4,40009,Dominic Bozzelli,2,128,1
2020,161,4,26499,Rafa Cabrera Bello,2,158,0
2020,161,4,20229,Stewart Cink,2,174,0
2020,161,4,28307,Matt Every,2,144,1
2020,161,4,21209,Sergio Garcia,2,128,1
2020,161,21,34363,Tyrrell Hatton,2,128,1
2020,161,4,31557,Jim Herman,2,180,0
2020,161,4,29478,Kevin Kisner,2,212,0
2020,161,4,30944,Jason Kokrak,2,182,0
2020,161,4,33410,Andrew Landry,2,186,1
2020,161,4,30110,Kyle Stanley,2,168,0
2020,161,4,33449,Zack Sucher,2,128,0
2020,161,4,23325,Vaughn Taylor,2,194,0
2020,161,4,23788,D.J. Trahan,2,148,0
2020,161,4,48887,Matt Wallace,2,136,1
2020,161,4,47128,Richy Werenski,2,172,0
2020,178,4,24924,Bill Haas,1,148,0
2020,178,4,24024,Zach Johnson,1,176,0
2020,178,4,37455,Si Woo Kim,1,236,0
2020,178,4,33122,Russell Knox,1,192,0
2020,178,4,31420,Anirban Lahiri,1,118,1
2020,178,4,32791,K.H. Lee,1,230,1
2020,178,4,33413,Ben Martin,1,120,0
2020,178,4,26596,Ryan Moore,1,144,0
2020,178,4,27649,Brandt Snedeker,1,158,0
2020,178,4,27963,Chris Stroud,1,155,0
2020,178,4,32333,Kevin Tway,1,156,0
2020,178,4,23623,Bo Van Pelt,1,142,1
2020,178,4,32139,Danny Willett,1,128,0
2019,1,0,27936,Martin Laird,16,258,3
2019,2,0,39971,Sungjae Im,14,375,5
2019,3,0,36689,Brooks Koepka,13,224,3
2019,4,0,47504,Sam Burns,12,250,1
2019,4,0,34099,Harris English,12,290,2
2019,4,0,39954,Cody Gribble,12,208,6
2019,4,0,39546,Keith Mitchell,12,270,0
2019,4,0,49771,J.T. Poston,12,314,3
2019,4,0,33448,Justin Thomas,12,218,3
2019,4,0,27064,Jhonattan Vegas,12,240,3
2019,11,0,45157,Cam Davis,11,234,2
2019,11,0,31646,Emiliano Grillo,11,252,1
2019,11,0,27974,Sung Kang,11,272,2
2019,11,0,28237,Rory McIlroy,11,218,0
2019,11,0,45486,Joaquin Niemann,11,302,1
2019,11,0,25818,Scott Piercy,11,272,2
2019,11,0,30946,Alex Prugh,11,231,3
2019,11,0,29221,Webb Simpson,11,226,0
2019,19,0,29479,Scott Brown,10,250,3
2019,19,0,29725,Tony Finau,10,264,2
2019,19,0,29970,Dylan Frittelli,10,264,2
2019,19,0,39977,Max Homa,10,255,3
2019,19,0,21961,Charles Howell III,10,297,0
2019,19,0,26851,Marc Leishman,10,232,1
2019,19,0,33667,Carlos Ortiz,10,262,2
2019,19,0,48081,Xander Schauffele,10,242,1
2019,19,0,47347,Adam Schenk,10,332,3
2019,19,0,30692,Scott Stallings,10,265,6
2019,19,0,30110,Kyle Stanley,10,244,2
2019,30,0,52372,Cameron Champ,9,242,2
2019,30,0,32102,Rickie Fowler,9,246,4
2019,30,0,28679,Fabián Gómez,9,204,2
2019,30,0,29974,Branden Grace,9,224,3
2019,30,0,33399,Adam Hadwin,9,264,3
2019,30,0,29420,Billy Horschel,9,302,0
2019,30,0,27129,Luke List,9,204,4
2019,30,0,35449,Adam Long,9,240,3
2019,30,0,48822,Sebastián Muñoz,9,254,3
2019,30,0,46970,Jon Rahm,9,224,1
2019,30,0,22405,Justin Rose,9,200,0
2019,30,0,40115,Adam Svensson,9,218,2
2019,30,0,25804,Bubba Watson,9,180,1
2019,30,0,47128,Richy Werenski,9,264,3
2019,30,0,31323,Gary Woodland,9,269,0
2019,45,0,25364,Paul Casey,8,234,0
2019,45,0,45609,Tyler Duncan,8,263,3
2019,45,0,35421,Brandon Harkins,8,266,2
2019,45,0,12716,Charley Hoffman,8,234,0
2019,45,0,26300,Matt Jones,8,278,1
2019,45,0,30944,Jason Kokrak,8,296,1
2019,45,0,26596,Ryan Moore,8,254,1
2019,45,0,25396,Kevin Na,8,191,0
2019,45,0,28252,Seamus Power,8,229,3
2019,45,0,47856,Seth Reeves,8,217,2
2019,45,0,37275,Sam Ryder,8,240,2
2019,45,0,23621,Rory Sabbatini,8,306,1
2019,45,0,46501,Ollie Schniederjans,8,245,2
2019,45,0,39327,Ben Silverman,8,218,3
2019,45,0,25493,Nick Taylor,8,302,1
2019,60,0,33141,Keegan Bradley,7,262,1
2019,60,0,26499,Rafa Cabrera Bello,7,234,1
2019,60,0,51766,Wyndham Clark,7,275,0
2019,60,0,46435,Austin Cook,7,206,3
2019,60,0,34076,Joel Dahmen,7,308,2
2019,60,0,30911,Tommy Fleetwood,7,200,1
2019,60,0,19846,Brian Gay,7,278,1
2019,60,0,21731,Freddie Jacobson,7,164,2
2019,60,0,36799,Stephan Jaeger,7,226,0
2019,60,0,24024,Zach Johnson,7,188,2
2019,60,0,23108,Matt Kuchar,7,246,1
2019,60,0,24781,Hunter Mahan,7,204,3
2019,60,0,25572,Graeme McDowell,7,228,1
2019,60,0,32640,Troy Merritt,7,198,3
2019,60,0,46601,Trey Mullinax,7,234,1
2019,60,0,29908,C.T. Pan,7,266,4
2019,60,0,24361,Pat Perez,7,204,0
2019,60,0,26476,Chez Reavie,7,284,0
2019,60,0,34360,Patrick Reed,7,280,1
2019,60,0,35732,Wes Roach,7,205,1
2019,60,0,24502,Adam Scott,7,198,1
2019,60,0,34264,Hudson Swafford,7,182,3
2019,60,0,32150,Michael Thompson,7,227,3
2019,83,0,28259,Sangmoon Bae,6,170,0
2019,83,0,34021,Bud Cauley,6,261,0
2019,83,0,25686,Jason Dufner,6,232,2
2019,83,0,40098,Matt Fitzpatrick,6,164,2
2019,83,0,25900,Lucas Glover,6,288,4
2019,83,0,24924,Bill Haas,6,220,0
2019,83,0,27644,Brian Harman,6,272,2
2019,83,0,35532,Tom Hoge,6,292,0
2019,83,0,29478,Kevin Kisner,6,272,1
2019,83,0,33122,Russell Knox,6,224,1
2019,83,0,35879,Kelly Kraft,6,258,1
2019,83,0,28775,Nate Lashley,6,224,2
2019,83,0,32839,Hideki Matsuyama,6,282,4
2019,83,0,36699,Patrick Rodgers,6,166,0
2019,83,0,33486,Roger Sloan,6,263,2
2019,83,0,27649,Brandt Snedeker,6,314,2
2019,83,0,49960,Sepp Straka,6,240,1
2019,83,0,23325,Vaughn Taylor,6,294,1
2019,83,0,27330,Josh Teater,6,214,1
2019,83,0,37340,Chase Wright,6,219,2
2019,103,0,49303,Anders Albertson,5,212,0
2019,103,0,33948,Byeong Hun An,5,251,1
2019,103,0,45526,Abraham Ancer,5,274,1
2019,103,0,27958,Ryan Blaum,5,267,2
2019,103,0,27895,Jonas Blixt,5,242,1
2019,103,0,39997,Corey Conners,5,270,1
2019,103,0,28089,Jason Day,5,216,0
2019,103,0,47959,Bryson DeChambeau,5,220,3
2019,103,0,46402,Talor Gooch,5,169,1
2019,103,0,34563,Chesson Hadley,5,240,0
2019,103,0,34098,Russell Henley,5,214,3
2019,103,0,49298,Kramer Hickok,5,248,3
2019,103,0,35506,Mackenzie Hughes,5,234,2
2019,103,0,37455,Si Woo Kim,5,278,0
2019,103,0,32757,Patton Kizzire,5,234,1
2019,103,0,34261,Scott Langley,5,234,2
2019,103,0,49766,Hank Lebioda,5,224,2
2019,103,0,30786,Brady Schnell,5,166,2
2019,103,0,35891,Cameron Smith,5,234,0
2019,103,0,34046,Jordan Spieth,5,244,2
2019,103,0,34431,Robert Streb,5,234,2
2019,103,0,27963,Chris Stroud,5,204,3
2019,103,0,37189,Harold Varner III,5,256,1
2019,103,0,26951,Johnson Wagner,5,188,0
2019,127,0,30978,Kiradech Aphibarnrat,4,196,0
2019,127,0,29268,Bronson Burgoon,4,172,0
2019,127,0,24925,Jonathan Byrd,4,168,1
2019,127,0,32200,Roberto Castro,4,236,1
2019,127,0,34306,John Chin,4,182,1
2019,127,0,30191,Julián Etulain,4,216,1
2019,127,0,46523,Joey Garber,4,187,1
2019,127,0,29535,Brice Garnett,4,274,0
2019,127,0,31557,Jim Herman,4,156,1
2019,127,0,35461,Beau Hossler,4,274,0
2019,127,0,47990,Kyle Jones,4,216,1
2019,127,0,29926,Danny Lee,4,250,2
2019,127,0,32791,K.H. Lee,4,273,2
2019,127,0,37380,Curtis Luck,4,200,0
2019,127,0,34466,Peter Malnati,4,261,1
2019,127,0,47993,Denny McCarthy,4,262,0
2019,127,0,27349,Alex Noren,4,182,0
2019,127,0,24138,Ian Poulter,4,188,3
2019,127,0,29518,Brendan Steele,4,214,0
2019,127,0,32333,Kevin Tway,4,250,0
2019,127,0,29484,Peter Uihlein,4,256,1
2019,127,0,27095,Nick Watney,4,268,1
2019,149,0,22371,Aaron Baddeley,3,192,0
2019,149,0,40009,Dominic Bozzelli,3,214,1
2019,149,0,35450,Patrick Cantlay,3,228,0
2019,149,0,21209,Sergio Garcia,3,130,0
2019,149,0,23353,J.J. Henry,3,166,0
2019,149,0,27141,J.B. Holmes,3,241,1
2019,149,0,39975,Michael Kim,3,200,1
2019,149,0,36852,Jim Knous,3,176,1
2019,149,0,32816,Satoshi Kodaira,3,212,1
2019,149,0,34256,Andrew Putnam,3,246,0
2019,149,0,32058,José de Jesús Rodríguez,3,212,3
2019,149,0,29223,Sam Saunders,3,239,2
2019,149,0,39324,J.J. Spaun,3,262,1
2019,149,0,33418,Shawn Stefani,3,248,0
2019,149,0,31560,Brian Stuard,3,308,0
2019,149,0,35617,Martin Trainer,3,205,0
2019,149,0,25632,Jimmy Walker,3,235,1
2019,149,0,49964,Aaron Wise,3,222,0
2019,167,0,19803,Ryan Armour,2,294,0
2019,167,0,35376,Roberto Díaz,2,212,1
2019,167,0,6522,Ernie Els,2,162,0
2019,167,0,10809,Jim Furyk,2,210,0
2019,167,0,34363,Tyrrell Hatton,2,186,0
2019,167,0,26758,David Hearn,2,160,0
2019,167,0,37454,Whee Kim,2,227,1
2019,167,0,31420,Anirban Lahiri,2,217,0
2019,167,0,33410,Andrew Landry,2,240,0
2019,167,0,1810,Phil Mickelson,2,196,0
2019,167,0,26329,Louis Oosthuizen,2,206,2
2019,167,0,23320,Ryan Palmer,2,210,0
2019,167,0,20572,Rod Pampling,2,168,0
2019,167,0,27556,Ted Potter Jr.,2,237,0
2019,167,0,27214,Kevin Streelman,2,266,0
2019,167,0,33419,Cameron Tringale,2,220,0
2019,183,0,40026,Daniel Berger,1,194,0
2019,183,0,20472,Alex Cejka,1,164,0
2019,183,0,30925,Dustin Johnson,1,224,0
2019,183,0,25198,Francesco Molinari,1,174,0
2019,183,0,21528,Henrik Stenson,1,156,0
2019,183,0,32139,Danny Willett,1,204,0
2018,1,0,29221,Webb Simpson,15,252,5
2018,2,0,29725,Tony Finau,14,298,3
2018,2,0,35421,Brandon Harkins,14,296,1
2018,2,0,31323,Gary Woodland,14,266,2
2018,5,0,30944,Jason Kokrak,13,306,2
2018,6,0,33141,Keegan Bradley,12,287,1
2018,6,0,20229,Stewart Cink,12,262,0
2018,6,0,1810,Phil Mickelson,12,264,0
2018,6,0,25804,Bubba Watson,12,234,1
2018,10,0,47959,Bryson DeChambeau,11,280,0
2018,10,0,28307,Matt Every,11,245,2
2018,10,0,32839,Hideki Matsuyama,11,220,2
2018,10,0,34360,Patrick Reed,11,270,2
2018,10,0,33448,Justin Thomas,11,236,1
2018,15,0,30925,Dustin Johnson,10,224,1
2018,15,0,23621,Rory Sabbatini,10,281,2
2018,15,0,39328,Conrad Shindler,10,172,1
2018,15,0,32333,Kevin Tway,10,334,3
2018,15,0,47128,Richy Werenski,10,288,2
2018,20,0,34563,Chesson Hadley,9,311,2
2018,20,0,32448,James Hahn,9,264,1
2018,20,0,27141,J.B. Holmes,9,242,2
2018,20,0,35461,Beau Hossler,9,328,1
2018,20,0,34174,John Huh,9,278,3
2018,20,0,37454,Whee Kim,9,292,1
2018,20,0,30926,Chris Kirk,9,340,3
2018,20,0,50526,Tom Lovelady,9,256,1
2018,20,0,25396,Kevin Na,9,256,1
2018,20,0,29484,Peter Uihlein,9,240,2
2018,30,0,22371,Aaron Baddeley,8,244,4
2018,30,0,26499,Rafa Cabrera Bello,8,208,1
2018,30,0,45609,Tyler Duncan,8,279,1
2018,30,0,34099,Harris English,8,244,1
2018,30,0,30911,Tommy Fleetwood,8,190,0
2018,30,0,35310,Lanto Griffin,8,228,2
2018,30,0,29420,Billy Horschel,8,253,1
2018,30,0,29478,Kevin Kisner,8,224,1
2018,30,0,36689,Brooks Koepka,8,164,1
2018,30,0,28237,Rory McIlroy,8,172,1
2018,30,0,22056,Cameron Percy,8,156,1
2018,30,0,25240,D.A. Points,8,198,1
2018,30,0,27649,Brandt Snedeker,8,240,1
2018,30,0,34264,Hudson Swafford,8,220,0
2018,30,0,47287,Ethan Tracy,8,220,5
2018,30,0,37189,Harold Varner III,8,278,3
2018,46,0,33948,Byeong Hun An,7,248,2
2018,46,0,40026,Daniel Berger,7,222,2
2018,46,0,27958,Ryan Blaum,7,232,4
2018,46,0,29268,Bronson Burgoon,7,210,0
2018,46,0,12510,Chad Campbell,7,250,1
2018,46,0,32102,Rickie Fowler,7,212,0
2018,46,0,28679,Fabián Gómez,7,261,1
2018,46,0,24924,Bill Haas,7,231,1
2018,46,0,35532,Tom Hoge,7,291,2
2018,46,0,24024,Zach Johnson,7,260,0
2018,46,0,26300,Matt Jones,7,190,1
2018,46,0,27974,Sung Kang,7,272,0
2018,46,0,26851,Marc Leishman,7,268,1
2018,46,0,39546,Keith Mitchell,7,298,1
2018,46,0,26596,Ryan Moore,7,238,1
2018,46,0,23320,Ryan Palmer,7,191,2
2018,46,0,37275,Sam Ryder,7,254,1
2018,46,0,35891,Cameron Smith,7,236,1
2018,46,0,27064,Jhonattan Vegas,7,284,2
2018,46,0,32254,Xinjun Zhang,7,234,1
2018,66,0,19803,Ryan Armour,6,324,1
2018,66,0,35450,Patrick Cantlay,6,236,1
2018,66,0,25364,Paul Casey,6,212,0
2018,66,0,32366,Kevin Chappell,6,226,1
2018,66,0,31416,Derek Fathauer,6,246,2
2018,66,0,46402,Talor Gooch,6,227,2
2018,66,0,29974,Branden Grace,6,210,1
2018,66,0,12716,Charley Hoffman,6,246,1
2018,66,0,21961,Charles Howell III,6,308,1
2018,66,0,39975,Michael Kim,6,214,4
2018,66,0,33122,Russell Knox,6,274,2
2018,66,0,35879,Kelly Kraft,6,286,2
2018,66,0,27936,Martin Laird,6,210,2
2018,66,0,32640,Troy Merritt,6,272,1
2018,66,0,34213,Grayson Murray,6,256,2
2018,66,0,27942,Rob Oppenheim,6,220,2
2018,66,0,29908,C.T. Pan,6,291,3
2018,66,0,46970,Jon Rahm,6,202,1
2018,66,0,48081,Xander Schauffele,6,274,1
2018,66,0,29518,Brendan Steele,6,208,0
2018,66,0,8793,Tiger Woods,6,198,2
2018,87,0,45526,Abraham Ancer,5,298,0
2018,87,0,27895,Jonas Blixt,5,196,0
2018,87,0,40009,Dominic Bozzelli,5,192,2
2018,87,0,24925,Jonathan Byrd,5,196,0
2018,87,0,20472,Alex Cejka,5,215,0
2018,87,0,34076,Joel Dahmen,5,262,1
2018,87,0,28089,Jason Day,5,210,2
2018,87,0,29535,Brice Garnett,5,298,1
2018,87,0,19846,Brian Gay,5,300,0
2018,87,0,33399,Adam Hadwin,5,284,1
2018,87,0,27644,Brian Harman,5,258,0
2018,87,0,26758,David Hearn,5,192,0
2018,87,0,34098,Russell Henley,5,222,0
2018,87,0,29222,Billy Hurley III,5,197,1
2018,87,0,36799,Stephan Jaeger,5,240,1
2018,87,0,37455,Si Woo Kim,5,326,3
2018,87,0,32816,Satoshi Kodaira,5,130,2
2018,87,0,33410,Andrew Landry,5,238,2
2018,87,0,29926,Danny Lee,5,279,1
2018,87,0,29461,Jamie Lovemark,5,282,0
2018,87,0,25198,Francesco Molinari,5,200,0
2018,87,0,27349,Alex Noren,5,176,1
2018,87,0,24140,Sean O'Hair,5,214,0
2018,87,0,36699,Patrick Rodgers,5,296,0
2018,87,0,47347,Adam Schenk,5,254,2
2018,87,0,24502,Adam Scott,5,241,1
2018,87,0,34046,Jordan Spieth,5,222,2
2018,87,0,30692,Scott Stallings,5,278,1
2018,87,0,33418,Shawn Stefani,5,238,2
2018,87,0,29485,Brett Stegmaier,5,196,0
2018,87,0,21528,Henrik Stenson,5,168,0
2018,87,0,33419,Cameron Tringale,5,204,1
2018,87,0,26951,Johnson Wagner,5,226,3
2018,87,0,27095,Nick Watney,5,284,1
2018,87,0,49964,Aaron Wise,5,268,0
2018,122,0,30978,Kiradech Aphibarnrat,4,132,1
2018,122,0,24846,Ricky Barnes,4,197,1
2018,122,0,39997,Corey Conners,4,284,2
2018,122,0,46435,Austin Cook,4,322,1
2018,122,0,23541,Ben Crane,4,190,1
2018,122,0,35376,Roberto Díaz,4,203,2
2018,122,0,24358,Robert Garrigus,4,250,1
2018,122,0,25900,Lucas Glover,4,220,1
2018,122,0,35506,Mackenzie Hughes,4,236,1
2018,122,0,32757,Patton Kizzire,4,258,1
2018,122,0,23108,Matt Kuchar,4,256,1
2018,122,0,27129,Luke List,4,296,2
2018,122,0,31202,William McGirt,4,238,2
2018,122,0,46601,Trey Mullinax,4,210,1
2018,122,0,25818,Scott Piercy,4,241,1
2018,122,0,28252,Seamus Power,4,244,2
2018,122,0,26476,Chez Reavie,4,272,1
2018,122,0,46501,Ollie Schniederjans,4,264,1
2018,122,0,39327,Ben Silverman,4,264,1
2018,122,0,39324,J.J. Spaun,4,230,0
2018,122,0,30110,Kyle Stanley,4,266,0
2018,122,0,27963,Chris Stroud,4,230,2
2018,122,0,25493,Nick Taylor,4,294,1
2018,122,0,28132,Tyrone Van Aswegen,4,293,1
2018,122,0,25632,Jimmy Walker,4,240,0
2018,147,0,47125,Matt Atkins,3,174,1
2018,147,0,29479,Scott Brown,3,304,0
2018,147,0,37338,Zecheng Dou,3,161,1
2018,147,0,25686,Jason Dufner,3,194,1
2018,147,0,20157,Retief Goosen,3,162,1
2018,147,0,31646,Emiliano Grillo,3,280,1
2018,147,0,34363,Tyrrell Hatton,3,154,0
2018,147,0,31420,Anirban Lahiri,3,244,0
2018,147,0,28775,Nate Lashley,3,152,0
2018,147,0,34409,David Lingmerth,3,248,1
2018,147,0,33204,Shane Lowry,3,178,0
2018,147,0,25572,Graeme McDowell,3,192,0
2018,147,0,32876,Martin Piller,3,248,1
2018,147,0,34256,Andrew Putnam,3,276,1
2018,147,0,34358,Jonathan Randolph,3,199,1
2018,147,0,29223,Sam Saunders,3,220,0
2018,147,0,26331,Charl Schwartzel,3,184,0
2018,147,0,34431,Robert Streb,3,236,0
2018,147,0,31560,Brian Stuard,3,307,1
2018,147,0,23325,Vaughn Taylor,3,232,1
2018,147,0,25892,Steve Wheatcroft,3,190,1
2018,168,0,35545,Blayne Barber,2,194,0
2018,168,0,40058,Zac Blair,2,190,0
2018,168,0,28500,Martin Flores,2,269,0
2018,168,0,39954,Cody Gribble,2,212,1
2018,168,0,23353,J.J. Henry,2,237,0
2018,168,0,24781,Hunter Mahan,2,218,0
2018,168,0,34466,Peter Malnati,2,258,0
2018,168,0,33413,Ben Martin,2,202,2
2018,168,0,47993,Denny McCarthy,2,194,0
2018,168,0,26329,Louis Oosthuizen,2,154,0
2018,168,0,24361,Pat Perez,2,229,0
2018,168,0,49771,J.T. Poston,2,222,1
2018,168,0,27556,Ted Potter Jr.,2,260,1
2018,168,0,22405,Justin Rose,2,206,1
2018,168,0,27214,Kevin Streelman,2,298,1
2018,183,0,48084,Wesley Bryan,1,210,0
2018,183,0,34021,Bud Cauley,1,190,1
2018,183,0,10809,Jim Furyk,1,134,0
2018,183,0,37278,Nicholas Lindheim,1,215,0
2018,183,0,20572,Rod Pampling,1,202,0
2018,183,0,24138,Ian Poulter,1,202,0
2018,183,0,25834,Daniel Summerhays,1,154,0
2018,183,0,32150,Michael Thompson,1,172,1
2018,183,0,35544,Andrew Yun,1,146,0
2017,1,0,29725,Tony Finau,14,322,0
2017,2,0,30110,Kyle Stanley,13,290,2
2017,3,0,46550,Brandon Hagy,11,238,1
2017,3,0,27936,Martin Laird,11,272,2
2017,3,0,27129,Luke List,11,314,4
2017,3,0,29461,Jamie Lovemark,11,302,0
2017,7,0,33141,Keegan Bradley,10,322,1
2017,7,0,32366,Kevin Chappell,10,296,3
2017,7,0,20229,Stewart Cink,10,296,0
2017,7,0,28089,Jason Day,10,204,3
2017,7,0,12716,Charley Hoffman,10,346,1
2017,7,0,27974,Sung Kang,10,310,1
2017,7,0,36689,Brooks Koepka,10,242,1
2017,7,0,1810,Phil Mickelson,10,254,3
2017,7,0,46970,Jon Rahm,10,264,2
2017,7,0,35891,Cameron Smith,10,272,2
2017,7,0,33448,Justin Thomas,10,246,0
2017,18,0,27895,Jonas Blixt,9,218,3
2017,18,0,28093,Miguel Angel Carballo,9,186,1
2017,18,0,32839,Hideki Matsuyama,9,246,1
2017,18,0,29221,Webb Simpson,9,294,2
2017,18,0,32333,Kevin Tway,9,272,1
2017,23,0,48084,Wesley Bryan,8,272,0
2017,23,0,34021,Bud Cauley,8,266,2
2017,23,0,25686,Jason Dufner,8,244,1
2017,23,0,28500,Martin Flores,8,248,1
2017,23,0,23353,J.J. Henry,8,264,1
2017,23,0,30925,Dustin Johnson,8,220,0
2017,23,0,31420,Anirban Lahiri,8,214,1
2017,23,0,29289,S.Y. Noh,8,278,2
2017,23,0,26476,Chez Reavie,8,298,3
2017,23,0,29476,Kyle Reifers,8,283,1
2017,23,0,23621,Rory Sabbatini,8,196,1
2017,23,0,39324,J.J. Spaun,8,268,0
2017,23,0,33418,Shawn Stefani,8,208,2
2017,23,0,25493,Nick Taylor,8,300,3
2017,37,0,24846,Ricky Barnes,7,292,0
2017,37,0,40026,Daniel Berger,7,262,1
2017,37,0,28420,Ryan Brehm,7,234,2
2017,37,0,25364,Paul Casey,7,280,1
2017,37,0,27436,Graham DeLaet,7,238,1
2017,37,0,24358,Robert Garrigus,7,228,2
2017,37,0,27644,Brian Harman,7,308,2
2017,37,0,27141,J.B. Holmes,7,240,0
2017,37,0,26851,Marc Leishman,7,258,3
2017,37,0,35300,Andrew Loupe,7,164,1
2017,37,0,24140,Sean O'Hair,7,259,3
2017,37,0,26329,Louis Oosthuizen,7,192,1
2017,37,0,48081,Xander Schauffele,7,264,0
2017,37,0,30692,Scott Stallings,7,226,2
2017,37,0,25834,Daniel Summerhays,7,296,2
2017,37,0,27095,Nick Watney,7,204,1
2017,37,0,25804,Bubba Watson,7,199,0
2017,54,0,19803,Ryan Armour,6,188,3
2017,54,0,12510,Chad Campbell,6,292,4
2017,54,0,35450,Patrick Cantlay,6,160,1
2017,54,0,25720,Chad Collins,6,200,1
2017,54,0,28307,Matt Every,6,217,2
2017,54,0,21209,Sergio Garcia,6,182,2
2017,54,0,25900,Lucas Glover,6,286,0
2017,54,0,31646,Emiliano Grillo,6,278,2
2017,54,0,31557,Jim Herman,6,244,3
2017,54,0,33461,Morgan Hoffmann,6,266,3
2017,54,0,36801,Mark Hubbard,6,226,0
2017,54,0,46440,Smylie Kaufman,6,228,1
2017,54,0,37454,Whee Kim,6,222,1
2017,54,0,29478,Kevin Kisner,6,298,1
2017,54,0,30944,Jason Kokrak,6,302,1
2017,54,0,23108,Matt Kuchar,6,290,0
2017,54,0,34409,David Lingmerth,6,238,2
2017,54,0,24781,Hunter Mahan,6,226,0
2017,54,0,31202,William McGirt,6,254,1
2017,54,0,46601,Trey Mullinax,6,260,1
2017,54,0,34213,Grayson Murray,6,282,1
2017,54,0,24361,Pat Perez,6,288,1
2017,54,0,25345,Carl Pettersson,6,187,2
2017,54,0,23497,Tag Ridings,6,189,0
2017,54,0,46501,Ollie Schniederjans,6,262,1
2017,54,0,34046,Jordan Spieth,6,228,1
2017,54,0,29518,Brendan Steele,6,274,0
2017,54,0,29485,Brett Stegmaier,6,233,2
2017,54,0,27214,Kevin Streelman,6,282,2
2017,54,0,32150,Michael Thompson,6,176,1
2017,54,0,31323,Gary Woodland,6,274,2
2017,85,0,33948,Byeong Hun An,5,236,1
2017,85,0,29479,Scott Brown,5,276,2
2017,85,0,6522,Ernie Els,5,164,0
2017,85,0,19846,Brian Gay,5,220,0
2017,85,0,29720,Andres Gonzales,5,221,1
2017,85,0,29974,Branden Grace,5,204,0
2017,85,0,39954,Cody Gribble,5,240,1
2017,85,0,32448,James Hahn,5,308,1
2017,85,0,34098,Russell Henley,5,286,1
2017,85,0,21961,Charles Howell III,5,248,0
2017,85,0,26596,Ryan Moore,5,251,1
2017,85,0,22056,Cameron Percy,5,202,0
2017,85,0,25818,Scott Piercy,5,216,1
2017,85,0,25240,D.A. Points,5,218,4
2017,85,0,49771,J.T. Poston,5,280,1
2017,85,0,28252,Seamus Power,5,246,2
2017,85,0,22405,Justin Rose,5,198,0
2017,85,0,33419,Cameron Tringale,5,260,2
2017,85,0,37189,Harold Varner III,5,310,0
2017,85,0,26289,Boo Weekley,5,228,2
2017,85,0,47128,Richy Werenski,5,236,0
2017,106,0,33120,Mark Anderson,4,172,0
2017,106,0,35545,Blayne Barber,4,228,0
2017,106,0,40058,Zac Blair,4,310,1
2017,106,0,20472,Alex Cejka,4,246,2
2017,106,0,20104,Ken Duke,4,224,1
2017,106,0,31416,Derek Fathauer,4,234,1
2017,106,0,25191,Gonzalo Fernandez-Castaño,4,180,2
2017,106,0,35506,Mackenzie Hughes,4,326,1
2017,106,0,34174,John Huh,4,266,1
2017,106,0,37455,Si Woo Kim,4,245,0
2017,106,0,32757,Patton Kizzire,4,230,0
2017,106,0,46732,Rick Lamb,4,157,2
2017,106,0,27466,Spencer Levin,4,264,0
2017,106,0,34466,Peter Malnati,4,262,0
2017,106,0,25572,Graeme McDowell,4,180,0
2017,106,0,32640,Troy Merritt,4,250,1
2017,106,0,25198,Francesco Molinari,4,230,3
2017,106,0,29908,C.T. Pan,4,264,1
2017,106,0,34358,Jonathan Randolph,4,205,3
2017,106,0,26331,Charl Schwartzel,4,186,0
2017,106,0,24502,Adam Scott,4,186,1
2017,106,0,34264,Hudson Swafford,4,278,0
2017,106,0,28132,Tyrone Van Aswegen,4,300,2
2017,106,0,27770,Camilo Villegas,4,222,1
2017,106,0,26951,Johnson Wagner,4,194,2
2017,106,0,25632,Jimmy Walker,4,204,1
2017,106,0,25349,Tim Wilkinson,4,178,2
2017,133,0,22371,Aaron Baddeley,3,198,1
2017,133,0,24507,Jason Bohn,3,214,1
2017,133,0,46443,Brian Campbell,3,166,1
2017,133,0,32200,Roberto Castro,3,226,0
2017,133,0,23541,Ben Crane,3,241,0
2017,133,0,47959,Bryson DeChambeau,3,263,1
2017,133,0,23983,Luke Donald,3,144,0
2017,133,0,30191,Julián Etulain,3,200,1
2017,133,0,32102,Rickie Fowler,3,232,0
2017,133,0,29740,Brad Fritsch,3,172,1
2017,133,0,10809,Jim Furyk,3,168,1
2017,133,0,28679,Fabián Gómez,3,188,1
2017,133,0,33399,Adam Hadwin,3,318,0
2017,133,0,29420,Billy Horschel,3,242,2
2017,133,0,29222,Billy Hurley III,3,250,1
2017,133,0,30852,Ryo Ishikawa,3,188,1
2017,133,0,33122,Russell Knox,3,208,1
2017,133,0,29926,Danny Lee,3,279,0
2017,133,0,37278,Nicholas Lindheim,3,183,0
2017,133,0,33204,Shane Lowry,3,171,1
2017,133,0,33413,Ben Martin,3,248,2
2017,133,0,28237,Rory McIlroy,3,146,0
2017,133,0,25396,Kevin Na,3,250,1
2017,133,0,23320,Ryan Palmer,3,154,1
2017,133,0,24138,Ian Poulter,3,208,1
2017,133,0,34431,Robert Streb,3,269,2
2017,133,0,27064,Jhonattan Vegas,3,282,0
2017,133,0,25892,Steve Wheatcroft,3,154,1
2017,161,0,20771,Steven Alker,2,202,1
2017,161,0,27958,Ryan Blaum,2,297,0
2017,161,0,25274,Steven Bowditch,2,176,0
2017,161,0,20593,Greg Chalmers,2,228,0
2017,161,0,34099,Harris English,2,224,0
2017,161,0,20157,Retief Goosen,2,150,0
2017,161,0,24924,Bill Haas,2,258,2
2017,161,0,26758,David Hearn,2,262,0
2017,161,0,35532,Tom Hoge,2,148,1
2017,161,0,24024,Zach Johnson,2,234,2
2017,161,0,26300,Matt Jones,2,170,1
2017,161,0,39975,Michael Kim,2,270,0
2017,161,0,30926,Chris Kirk,2,272,0
2017,161,0,35879,Kelly Kraft,2,213,0
2017,161,0,23800,Bryce Molder,2,240,2
2017,161,0,48822,Sebastián Muñoz,2,154,0
2017,161,0,22046,Geoff Ogilvy,2,218,0
2017,161,0,20572,Rod Pampling,2,220,0
2017,161,0,29223,Sam Saunders,2,222,1
2017,161,0,27649,Brandt Snedeker,2,160,0
2017,161,0,27963,Chris Stroud,2,172,2
2017,161,0,23325,Vaughn Taylor,2,259,1
2017,183,0,26499,Rafa Cabrera Bello,1,188,1
2017,183,0,24357,K.J. Choi,1,208,0
2017,183,0,22986,Søren Kjeldsen,1,160,0
2017,183,0,34360,Patrick Reed,1,316,0
2017,183,0,36699,Patrick Rodgers,1,218,0
2017,183,0,31560,Brian Stuard,1,282,0
2016,1,0,33413,Ben Martin,15,284,4
2016,2,0,28089,Jason Day,14,234,3
2016,2,0,30925,Dustin Johnson,14,268,3
2016,4,0,32366,Kevin Chappell,13,304,6
2016,4,0,34264,Hudson Swafford,13,334,1
2016,6,0,33461,Morgan Hoffmann,12,214,2
2016,6,0,27747,Hiroshi Iwata,12,270,2
2016,8,0,27974,Sung Kang,11,268,1
2016,8,0,34360,Patrick Reed,11,332,1
2016,8,0,29476,Kyle Reifers,11,363,2
2016,8,0,36699,Patrick Rodgers,11,276,1
2016,8,0,24502,Adam Scott,11,232,0
2016,8,0,33448,Justin Thomas,11,298,2
2016,8,0,27064,Jhonattan Vegas,11,316,1
2016,15,0,12716,Charley Hoffman,10,278,2
2016,15,0,37455,Si Woo Kim,10,348,1
2016,15,0,36689,Brooks Koepka,10,218,1
2016,15,0,23320,Ryan Palmer,10,274,3
2016,15,0,25834,Daniel Summerhays,10,320,2
2016,15,0,37189,Harold Varner III,10,302,3
2016,15,0,25804,Bubba Watson,10,218,2
2016,22,0,26758,David Hearn,9,314,2
2016,22,0,8075,Jerry Kelly,9,246,2
2016,22,0,35300,Andrew Loupe,9,250,3
2016,22,0,25818,Scott Piercy,9,266,4
2016,22,0,35451,Scott Pinckney,9,274,3
2016,22,0,31323,Gary Woodland,9,290,0
2016,28,0,25686,Jason Dufner,8,302,1
2016,28,0,29725,Tony Finau,8,308,2
2016,28,0,35532,Tom Hoge,8,236,4
2016,28,0,21961,Charles Howell III,8,300,2
2016,28,0,36801,Mark Hubbard,8,320,0
2016,28,0,29478,Kevin Kisner,8,284,1
2016,28,0,29926,Danny Lee,8,294,1
2016,28,0,25396,Kevin Na,8,292,0
2016,28,0,26476,Chez Reavie,8,278,2
2016,28,0,30110,Kyle Stanley,8,276,0
2016,28,0,34431,Robert Streb,8,274,1
2016,28,0,27963,Chris Stroud,8,259,1
2016,28,0,25493,Nick Taylor,8,265,3
2016,28,0,26951,Johnson Wagner,8,270,1
2016,28,0,25632,Jimmy Walker,8,250,0
2016,43,0,27895,Jonas Blixt,7,252,0
2016,43,0,29268,Bronson Burgoon,7,250,2
2016,43,0,20104,Ken Duke,7,174,1
2016,43,0,28679,Fabián Gómez,7,252,1
2016,43,0,22892,Jason Gore,7,250,1
2016,43,0,24924,Bill Haas,7,262,0
2016,43,0,27644,Brian Harman,7,346,2
2016,43,0,31557,Jim Herman,7,304,3
2016,43,0,46440,Smylie Kaufman,7,290,2
2016,43,0,30711,Colt Knost,7,273,3
2016,43,0,28092,D.H. Lee,7,190,1
2016,43,0,28237,Rory McIlroy,7,212,3
2016,43,0,29221,Webb Simpson,7,210,3
2016,43,0,34046,Jordan Spieth,7,242,3
2016,43,0,29518,Brendan Steele,7,280,1
2016,43,0,27214,Kevin Streelman,7,284,3
2016,43,0,32150,Michael Thompson,7,218,4
2016,43,0,33419,Cameron Tringale,7,262,1
2016,43,0,25892,Steve Wheatcroft,7,262,3
2016,62,0,22371,Aaron Baddeley,6,294,2
2016,62,0,35545,Blayne Barber,6,248,2
2016,62,0,33141,Keegan Bradley,6,256,0
2016,62,0,29479,Scott Brown,6,289,1
2016,62,0,32200,Roberto Castro,6,320,1
2016,62,0,20229,Stewart Cink,6,186,1
2016,62,0,27436,Graham DeLaet,6,222,0
2016,62,0,6522,Ernie Els,6,210,2
2016,62,0,34099,Harris English,6,295,1
2016,62,0,32102,Rickie Fowler,6,248,1
2016,62,0,24358,Robert Garrigus,6,203,3
2016,62,0,33399,Adam Hadwin,6,302,2
2016,62,0,34098,Russell Henley,6,234,0
2016,62,0,35879,Kelly Kraft,6,196,1
2016,62,0,31420,Anirban Lahiri,6,224,0
2016,62,0,26851,Marc Leishman,6,270,1
2016,62,0,27466,Spencer Levin,6,322,1
2016,62,0,27129,Luke List,6,250,3
2016,62,0,31202,William McGirt,6,312,1
2016,62,0,23800,Bryce Molder,6,260,3
2016,62,0,22046,Geoff Ogilvy,6,196,0
2016,62,0,20691,Greg Owen,6,257,1
2016,62,0,33418,Shawn Stefani,6,270,1
2016,62,0,29485,Brett Stegmaier,6,264,1
2016,62,0,28132,Tyrone Van Aswegen,6,321,0
2016,62,0,28114,Dawie van der Walt,6,224,1
2016,62,0,27770,Camilo Villegas,6,255,1
2016,62,0,26289,Boo Weekley,6,262,0
2016,90,0,25364,Paul Casey,5,236,0
2016,90,0,24357,K.J. Choi,5,248,0
2016,90,0,37273,Derek Ernst,5,189,0
2016,90,0,21209,Sergio Garcia,5,166,2
2016,90,0,25900,Lucas Glover,5,246,1
2016,90,0,35539,Luke Guthrie,5,178,1
2016,90,0,32448,James Hahn,5,274,0
2016,90,0,34174,John Huh,5,272,3
2016,90,0,37454,Whee Kim,5,253,2
2016,90,0,30926,Chris Kirk,5,272,2
2016,90,0,32757,Patton Kizzire,5,286,1
2016,90,0,30944,Jason Kokrak,5,284,1
2016,90,0,29461,Jamie Lovemark,5,306,1
2016,90,0,1810,Phil Mickelson,5,230,1
2016,90,0,29289,S.Y. Noh,5,249,1
2016,90,0,24140,Sean O'Hair,5,278,0
2016,90,0,26329,Louis Oosthuizen,5,174,1
2016,90,0,35732,Wes Roach,5,177,0
2016,90,0,22405,Justin Rose,5,212,0
2016,90,0,29223,Sam Saunders,5,205,0
2016,90,0,20645,John Senden,5,274,1
2016,90,0,23325,Vaughn Taylor,5,230,0
2016,112,0,20098,Stuart Appleby,4,210,1
2016,112,0,25274,Steven Bowditch,4,225,2
2016,112,0,25720,Chad Collins,4,232,1
2016,112,0,31646,Emiliano Grillo,4,286,0
2016,112,0,23353,J.J. Henry,4,214,2
2016,112,0,29420,Billy Horschel,4,228,0
2016,112,0,29222,Billy Hurley III,4,206,1
2016,112,0,21731,Freddie Jacobson,4,276,1
2016,112,0,39975,Michael Kim,4,303,0
2016,112,0,33122,Russell Knox,4,280,0
2016,112,0,23108,Matt Kuchar,4,294,0
2016,112,0,34261,Scott Langley,4,212,1
2016,112,0,34409,David Lingmerth,4,264,1
2016,112,0,24781,Hunter Mahan,4,218,2
2016,112,0,32640,Troy Merritt,4,252,1
2016,112,0,25198,Francesco Molinari,4,198,0
2016,112,0,30163,Henrik Norlander,4,220,1
2016,112,0,33667,Carlos Ortiz,4,246,0
2016,112,0,32876,Martin Piller,4,188,2
2016,112,0,10213,Dicky Pride,4,170,3
2016,112,0,26331,Charl Schwartzel,4,216,0
2016,112,0,34265,Will Wilcox,4,212,0
2016,134,0,24461,Thomas Aiken,3,216,2
2016,134,0,29745,Tyler Aldridge,3,254,0
2016,134,0,10885,Robert Allenby,3,164,0
2016,134,0,40026,Daniel Berger,3,290,0
2016,134,0,40058,Zac Blair,3,303,1
2016,134,0,20848,Ángel Cabrera,3,203,0
2016,134,0,12510,Chad Campbell,3,280,0
2016,134,0,20472,Alex Cejka,3,228,0
2016,134,0,23638,Brendon de Jonge,3,266,0
2016,134,0,10809,Jim Furyk,3,148,0
2016,134,0,32618,Rhein Gibson,3,178,0
2016,134,0,20157,Retief Goosen,3,178,1
2016,134,0,27141,J.B. Holmes,3,244,0
2016,134,0,24024,Zach Johnson,3,256,1
2016,134,0,27936,Martin Laird,3,254,0
2016,134,0,33410,Andrew Landry,3,152,0
2016,134,0,33204,Shane Lowry,3,170,1
2016,134,0,34466,Peter Malnati,3,272,1
2016,134,0,27942,Rob Oppenheim,3,204,2
2016,134,0,6567,Vijay Singh,3,224,0
2016,134,0,27649,Brandt Snedeker,3,278,1
2016,134,0,25349,Tim Wilkinson,3,208,1
2016,134,0,21878,Mark Wilson,3,188,1
2016,157,0,24507,Jason Bohn,2,214,1
2016,157,0,23541,Ben Crane,2,240,1
2016,157,0,34262,Jon Curran,2,318,2
2016,157,0,31416,Derek Fathauer,2,293,1
2016,157,0,29974,Branden Grace,2,194,0
2016,157,0,34563,Chesson Hadley,2,262,1
2016,157,0,20766,Padraig Harrington,2,170,1
2016,157,0,26300,Matt Jones,2,254,0
2016,157,0,28158,Steve Marino,2,216,0
2016,157,0,32839,Hideki Matsuyama,2,238,0
2016,157,0,26596,Ryan Moore,2,256,0
2016,157,0,28475,Jeff Overton,2,203,0
2016,157,0,20572,Rod Pampling,2,164,0
2016,157,0,23621,Rory Sabbatini,2,182,0
2016,157,0,35891,Cameron Smith,2,226,0
2016,157,0,30692,Scott Stallings,2,220,0
2016,157,0,6527,Steve Stricker,2,158,0
2016,157,0,30927,Brendon Todd,2,204,0
2016,175,0,24494,Erik Compton,1,205,0
2016,175,0,23983,Luke Donald,1,268,0
2016,175,0,29720,Andres Gonzales,1,249,0
2016,175,0,24912,Will MacKenzie,1,256,0
2016,175,0,25572,Graeme McDowell,1,184,0
2016,175,0,24490,George McNeill,1,169,0
2016,175,0,25240,D.A. Points,1,167,1
2015,1,0,36689,Brooks Koepka,18,242,3
2015,2,0,33448,Justin Thomas,14,336,1
2015,3,0,30925,Dustin Johnson,12,224,2
2015,3,0,23108,Matt Kuchar,12,298,2
2015,3,0,32839,Hideki Matsuyama,12,294,0
2015,3,0,25804,Bubba Watson,12,208,2
2015,7,0,33667,Carlos Ortiz,11,311,3
2015,8,0,22371,Aaron Baddeley,10,228,3
2015,8,0,25274,Steven Bowditch,10,317,2
2015,8,0,23353,J.J. Henry,10,286,1
2015,8,0,21961,Charles Howell III,10,340,2
2015,8,0,29926,Danny Lee,10,374,3
2015,8,0,25818,Scott Piercy,10,278,0
2015,8,0,27064,Jhonattan Vegas,10,271,1
2015,15,0,28089,Jason Day,9,232,1
2015,15,0,34099,Harris English,9,306,0
2015,15,0,31416,Derek Fathauer,9,249,2
2015,15,0,29725,Tony Finau,9,332,0
2015,15,0,34563,Chesson Hadley,9,351,0
2015,15,0,27141,J.B. Holmes,9,276,1
2015,15,0,34174,John Huh,9,322,2
2015,15,0,25345,Carl Pettersson,9,329,1
2015,15,0,35451,Scott Pinckney,9,274,3
2015,15,0,29221,Webb Simpson,9,232,1
2015,15,0,27649,Brandt Snedeker,9,293,1
2015,15,0,34046,Jordan Spieth,9,278,3
2015,15,0,33418,Shawn Stefani,9,300,1
2015,15,0,25834,Daniel Summerhays,9,309,3
2015,29,0,25364,Paul Casey,8,231,2
2015,29,0,32366,Kevin Chappell,8,274,2
2015,29,0,24494,Erik Compton,8,280,1
2015,29,0,24358,Robert Garrigus,8,210,2
2015,29,0,33399,Adam Hadwin,8,298,0
2015,29,0,12716,Charley Hoffman,8,300,1
2015,29,0,33461,Morgan Hoffmann,8,264,3
2015,29,0,30852,Ryo Ishikawa,8,281,2
2015,29,0,26300,Matt Jones,8,286,2
2015,29,0,27936,Martin Laird,8,248,1
2015,39,0,27895,Jonas Blixt,7,241,0
2015,39,0,25686,Jason Dufner,7,227,1
2015,39,0,28500,Martin Flores,7,280,2
2015,39,0,22892,Jason Gore,7,223,1
2015,39,0,32448,James Hahn,7,298,0
2015,39,0,24490,George McNeill,7,284,1
2015,39,0,24140,Sean O'Hair,7,284,0
2015,39,0,26329,Louis Oosthuizen,7,198,1
2015,39,0,28475,Jeff Overton,7,284,2
2015,39,0,23320,Ryan Palmer,7,230,0
2015,39,0,35541,John Peterson,7,271,3
2015,39,0,23621,Rory Sabbatini,7,252,0
2015,39,0,24502,Adam Scott,7,148,0
2015,39,0,6567,Vijay Singh,7,244,2
2015,39,0,29425,Andrew Svoboda,7,248,2
2015,39,0,34264,Hudson Swafford,7,295,2
2015,39,0,32150,Michael Thompson,7,252,1
2015,39,0,25892,Steve Wheatcroft,7,268,0
2015,39,0,34265,Will Wilcox,7,164,1
2015,58,0,23048,Eric Axley,6,171,1
2015,58,0,28259,Sangmoon Bae,6,314,2
2015,58,0,35545,Blayne Barber,6,242,0
2015,58,0,32334,Charlie Beljan,6,228,1
2015,58,0,40026,Daniel Berger,6,305,2
2015,58,0,29479,Scott Brown,6,303,2
2015,58,0,20848,Ángel Cabrera,6,166,0
2015,58,0,20472,Alex Cejka,6,302,2
2015,58,0,27436,Graham DeLaet,6,200,0
2015,58,0,20104,Ken Duke,6,273,2
2015,58,0,37273,Derek Ernst,6,214,1
2015,58,0,32102,Rickie Fowler,6,232,0
2015,58,0,25900,Lucas Glover,6,250,1
2015,58,0,29720,Andres Gonzales,6,277,0
2015,58,0,24924,Bill Haas,6,272,1
2015,58,0,29420,Billy Horschel,6,316,0
2015,58,0,30944,Jason Kokrak,6,274,0
2015,58,0,33413,Ben Martin,6,264,1
2015,58,0,25396,Kevin Na,6,298,2
2015,58,0,29289,S.Y. Noh,6,210,1
2015,58,0,22056,Cameron Percy,6,218,0
2015,58,0,24361,Pat Perez,6,320,2
2015,58,0,30946,Alex Prugh,6,254,1
2015,58,0,29223,Sam Saunders,6,263,0
2015,58,0,30692,Scott Stallings,6,216,2
2015,58,0,29518,Brendan Steele,6,286,2
2015,58,0,21528,Henrik Stenson,6,192,0
2015,58,0,34431,Robert Streb,6,330,1
2015,58,0,27214,Kevin Streelman,6,306,1
2015,58,0,33419,Cameron Tringale,6,306,3
2015,58,0,27095,Nick Watney,6,290,2
2015,58,0,26289,Boo Weekley,6,252,1
2015,58,0,31323,Gary Woodland,6,234,0
2015,91,0,20771,Steven Alker,5,186,2
2015,91,0,33141,Keegan Bradley,5,270,2
2015,91,0,32200,Roberto Castro,5,150,2
2015,91,0,20593,Greg Chalmers,5,172,3
2015,91,0,21753,Brian Davis,5,261,3
2015,91,0,23638,Brendon de Jonge,5,342,2
2015,91,0,25369,Jamie Donaldson,5,152,2
2015,91,0,28307,Matt Every,5,228,1
2015,91,0,35539,Luke Guthrie,5,259,2
2015,91,0,34098,Russell Henley,5,252,0
2015,91,0,31557,Jim Herman,5,275,2
2015,91,0,29478,Kevin Kisner,5,319,1
2015,91,0,34261,Scott Langley,5,289,3
2015,91,0,34409,David Lingmerth,5,278,1
2015,91,0,24781,Hunter Mahan,5,276,0
2015,91,0,31202,William McGirt,5,321,4
2015,91,0,1810,Phil Mickelson,5,224,0
2015,91,0,34130,Sung Joon Park,5,241,0
2015,91,0,25240,D.A. Points,5,227,2
2015,91,0,28486,Michael Putnam,5,280,1
2015,91,0,28780,Nicholas Thompson,5,272,1
2015,91,0,30927,Brendon Todd,5,281,2
2015,91,0,25632,Jimmy Walker,5,262,1
2015,91,0,25349,Tim Wilkinson,5,227,2
2015,115,0,24846,Ricky Barnes,4,253,2
2015,115,0,24507,Jason Bohn,4,304,2
2015,115,0,25720,Chad Collins,4,248,1
2015,115,0,21209,Sergio Garcia,4,176,2
2015,115,0,27644,Brian Harman,4,264,1
2015,115,0,35532,Tom Hoge,4,241,0
2015,115,0,24024,Zach Johnson,4,251,1
2015,115,0,30926,Chris Kirk,4,242,0
2015,115,0,27466,Spencer Levin,4,299,1
2015,115,0,23800,Bryce Molder,4,267,0
2015,115,0,26596,Ryan Moore,4,265,1
2015,115,0,34360,Patrick Reed,4,320,2
2015,115,0,31193,Jim Renner,4,205,0
2015,115,0,36699,Patrick Rodgers,4,152,0
2015,115,0,25562,Andres Romero,4,214,0
2015,115,0,26331,Charl Schwartzel,4,198,0
2015,115,0,20645,John Senden,4,246,1
2015,115,0,28132,Tyrone Van Aswegen,4,173,1
2015,115,0,26951,Johnson Wagner,4,206,0
2015,115,0,20396,Lee Westwood,4,168,0
2015,115,0,21878,Mark Wilson,4,262,0
2015,136,0,12510,Chad Campbell,3,297,0
2015,136,0,24357,K.J. Choi,3,216,0
2015,136,0,6522,Ernie Els,3,188,0
2015,136,0,20157,Retief Goosen,3,264,0
2015,136,0,33122,Russell Knox,3,303,1
2015,136,0,26851,Marc Leishman,3,212,0
2015,136,0,10860,Justin Leonard,3,185,2
2015,136,0,1706,Davis Love III,3,156,0
2015,136,0,23548,Bill Lunde,3,140,1
2015,136,0,27933,John Merrick,3,239,0
2015,136,0,20691,Greg Owen,3,185,0
2015,136,0,24138,Ian Poulter,3,208,1
2015,136,0,34358,Jonathan Randolph,3,223,0
2015,136,0,26476,Chez Reavie,3,175,1
2015,136,0,29476,Kyle Reifers,3,285,1
2015,136,0,25493,Nick Taylor,3,299,1
2015,152,0,40058,Zac Blair,2,320,0
2015,152,0,20229,Stewart Cink,2,237,0
2015,152,0,34262,Jon Curran,2,243,0
2015,152,0,25191,Gonzalo Fernandez-Castaño,2,242,2
2015,152,0,29535,Brice Garnett,2,252,0
2015,152,0,26758,David Hearn,2,313,0
2015,152,0,36801,Mark Hubbard,2,242,1
2015,152,0,29222,Billy Hurley III,2,250,0
2015,152,0,8075,Jerry Kelly,2,241,0
2015,152,0,30711,Colt Knost,2,268,0
2015,152,0,32640,Troy Merritt,2,302,1
2015,152,0,22046,Geoff Ogilvy,2,152,1
2015,152,0,22405,Justin Rose,2,210,0
2015,152,0,22293,Heath Slocum,2,174,0
2015,152,0,28023,Byron Smith,2,169,2
2015,152,0,23623,Bo Van Pelt,2,259,2
2015,152,0,27770,Camilo Villegas,2,249,0
2015,169,0,10885,Robert Allenby,1,180,0
2015,169,0,23541,Ben Crane,1,187,0
2015,169,0,23983,Luke Donald,1,211,0
2015,169,0,30736,Oscar Fraustro,1,173,0
2015,169,0,20766,Padraig Harrington,1,189,1
2015,169,0,39977,Max Homa,1,237,0
2015,169,0,37454,Whee Kim,1,217,1
2015,169,0,25198,Francesco Molinari,1,164,1
2015,169,0,34256,Andrew Putnam,1,213,1
2015,169,0,31560,Brian Stuard,1,299,0
2015,169,0,2206,David Toms,1,188,0
2014,1,0,25274,Steven Bowditch,14,283,3
2014,1,0,29420,Billy Horschel,14,296,2
2014,3,0,26300,Matt Jones,13,271,1
2014,4,0,27644,Brian Harman,11,328,0
2014,4,0,26851,Marc Leishman,11,244,0
2014,4,0,24912,Will MacKenzie,11,262,2
2014,4,0,34360,Patrick Reed,11,272,1
2014,4,0,28780,Nicholas Thompson,11,258,1
2014,4,0,25804,Bubba Watson,11,228,1
2014,10,0,20229,Stewart Cink,10,295,1
2014,10,0,21961,Charles Howell III,10,326,4
2014,10,0,23320,Ryan Palmer,10,257,3
2014,10,0,22405,Justin Rose,10,224,1
2014,14,0,21753,Brian Davis,9,293,4
2014,14,0,32448,James Hahn,9,234,3
2014,14,0,27936,Martin Laird,9,204,1
2014,14,0,27933,John Merrick,9,278,2
2014,14,0,25396,Kevin Na,9,292,1
2014,14,0,25562,Andres Romero,9,231,1
2014,14,0,26679,Kevin Stadler,9,280,1
2014,14,0,25834,Daniel Summerhays,9,314,2
2014,14,0,23623,Bo Van Pelt,9,266,2
2014,23,0,32334,Charlie Beljan,8,220,0
2014,23,0,34099,Harris English,8,276,1
2014,23,0,24924,Bill Haas,8,341,0
2014,23,0,22378,Trevor Immelman,8,247,4
2014,23,0,30925,Dustin Johnson,8,180,2
2014,23,0,33122,Russell Knox,8,282,1
2014,23,0,28237,Rory McIlroy,8,204,0
2014,23,0,26596,Ryan Moore,8,272,2
2014,23,0,29289,S.Y. Noh,8,282,2
2014,23,0,25345,Carl Pettersson,8,267,1
2014,23,0,28486,Michael Putnam,8,314,1
2014,23,0,24502,Adam Scott,8,204,0
2014,23,0,29518,Brendan Steele,8,281,1
2014,23,0,33419,Cameron Tringale,8,353,4
2014,37,0,28259,Sangmoon Bae,7,247,0
2014,37,0,24494,Erik Compton,7,276,2
2014,37,0,24358,Robert Garrigus,7,255,1
2014,37,0,35539,Luke Guthrie,7,257,1
2014,37,0,33461,Morgan Hoffmann,7,297,1
2014,37,0,30926,Chris Kirk,7,320,0
2014,37,0,36689,Brooks Koepka,7,168,0
2014,37,0,32839,Hideki Matsuyama,7,248,0
2014,37,0,24490,George McNeill,7,241,0
2014,37,0,22046,Geoff Ogilvy,7,248,1
2014,37,0,23621,Rory Sabbatini,7,252,0
2014,37,0,20645,John Senden,7,298,2
2014,37,0,30692,Scott Stallings,7,246,0
2014,37,0,33418,Shawn Stefani,7,180,1
2014,37,0,31323,Gary Woodland,7,302,2
2014,52,0,24846,Ricky Barnes,6,261,0
2014,52,0,25364,Paul Casey,6,170,0
2014,52,0,32200,Roberto Castro,6,240,3
2014,52,0,32366,Kevin Chappell,6,310,1
2014,52,0,24357,K.J. Choi,6,259,0
2014,52,0,23638,Brendon de Jonge,6,333,1
2014,52,0,27436,Graham DeLaet,6,246,1
2014,52,0,23409,James Driscoll,6,222,3
2014,52,0,28307,Matt Every,6,259,1
2014,52,0,28500,Martin Flores,6,277,2
2014,52,0,30852,Ryo Ishikawa,6,248,1
2014,52,0,30944,Jason Kokrak,6,211,2
2014,52,0,1706,Davis Love III,6,224,0
2014,52,0,33413,Ben Martin,6,261,4
2014,52,0,28475,Jeff Overton,6,228,2
2014,52,0,26331,Charl Schwartzel,6,188,0
2014,52,0,29221,Webb Simpson,6,250,1
2014,52,0,27649,Brandt Snedeker,6,278,1
2014,52,0,34431,Robert Streb,6,214,2
2014,52,0,34264,Hudson Swafford,6,210,0
2014,52,0,30927,Brendon Todd,6,324,1
2014,52,0,26951,Johnson Wagner,6,192,1
2014,74,0,24507,Jason Bohn,5,250,2
2014,74,0,29479,Scott Brown,5,319,2
2014,74,0,25686,Jason Dufner,5,174,1
2014,74,0,37273,Derek Ernst,5,239,2
2014,74,0,29535,Brice Garnett,5,262,1
2014,74,0,25900,Lucas Glover,5,221,0
2014,74,0,31557,Jim Herman,5,183,1
2014,74,0,27408,Martin Kaymer,5,196,1
2014,74,0,23108,Matt Kuchar,5,262,0
2014,74,0,31202,William McGirt,5,282,0
2014,74,0,24361,Pat Perez,5,275,1
2014,74,0,27214,Kevin Streelman,5,256,1
2014,74,0,27770,Camilo Villegas,5,290,0
2014,74,0,20160,Charlie Wi,5,210,1
2014,74,0,34265,Will Wilcox,5,145,1
2014,74,0,25349,Tim Wilkinson,5,240,2
2014,90,0,6522,Ernie Els,4,254,0
2014,90,0,10809,Jim Furyk,4,252,2
2014,90,0,30750,Tommy Gainey,4,205,0
2014,90,0,34098,Russell Henley,4,284,1
2014,90,0,23353,J.J. Henry,4,260,1
2014,90,0,34174,John Huh,4,256,0
2014,90,0,29222,Billy Hurley III,4,249,3
2014,90,0,21731,Freddie Jacobson,4,285,0
2014,90,0,24024,Zach Johnson,4,286,0
2014,90,0,34409,David Lingmerth,4,238,2
2014,90,0,35300,Andrew Loupe,4,187,1
2014,90,0,25572,Graeme McDowell,4,188,1
2014,90,0,1810,Phil Mickelson,4,237,0
2014,90,0,23800,Bryce Molder,4,234,2
2014,90,0,24140,Sean O'Hair,4,235,2
2014,90,0,24138,Ian Poulter,4,184,0
2014,90,0,27064,Jhonattan Vegas,4,228,0
2014,90,0,25632,Jimmy Walker,4,302,0
2014,90,0,27095,Nick Watney,4,238,0
2014,90,0,21878,Mark Wilson,4,189,1
2014,90,0,24663,Y.E. Yang,4,243,0
2014,111,0,33141,Keegan Bradley,3,284,0
2014,111,0,24925,Jonathan Byrd,3,222,1
2014,111,0,20848,Ángel Cabrera,3,203,0
2014,111,0,12510,Chad Campbell,3,152,0
2014,111,0,20104,Ken Duke,3,234,0
2014,111,0,32102,Rickie Fowler,3,274,0
2014,111,0,34563,Chesson Hadley,3,262,2
2014,111,0,25444,Justin Hicks,3,310,1
2014,111,0,12716,Charley Hoffman,3,306,0
2014,111,0,8075,Jerry Kelly,3,242,0
2014,111,0,34261,Scott Langley,3,284,0
2014,111,0,35139,Richard Lee,3,257,1
2014,111,0,29461,Jamie Lovemark,3,181,0
2014,111,0,32640,Troy Merritt,3,177,1
2014,111,0,31193,Jim Renner,3,177,1
2014,111,0,35732,Wes Roach,3,193,0
2014,111,0,34046,Jordan Spieth,3,314,0
2014,111,0,30110,Kyle Stanley,3,256,1
2014,111,0,31560,Brian Stuard,3,265,0
2014,111,0,29425,Andrew Svoboda,3,234,0
2014,111,0,32150,Michael Thompson,3,248,0
2014,111,0,28132,Tyrone Van Aswegen,3,234,0
2014,133,0,10885,Robert Allenby,2,239,0
2014,133,0,20098,Stuart Appleby,2,273,1
2014,133,0,22371,Aaron Baddeley,2,225,0
2014,133,0,20498,Briny Baird,2,157,0
2014,133,0,34021,Bud Cauley,2,169,1
2014,133,0,23135,Tim Clark,2,206,0
2014,133,0,23541,Ben Crane,2,241,0
2014,133,0,22621,Ben Curtis,2,225,0
2014,133,0,23983,Luke Donald,2,186,1
2014,133,0,25191,Gonzalo Fernandez-Castaño,2,248,1
2014,133,0,21209,Sergio Garcia,2,176,0
2014,133,0,19846,Brian Gay,2,247,0
2014,133,0,20157,Retief Goosen,2,273,1
2014,133,0,26956,Bronson La'Cassie,2,151,0
2014,133,0,28092,D.H. Lee,2,156,0
2014,133,0,29926,Danny Lee,2,241,0
2014,133,0,24781,Hunter Mahan,2,270,0
2014,133,0,26329,Louis Oosthuizen,2,144,0
2014,133,0,35541,John Peterson,2,183,0
2014,133,0,27556,Ted Potter Jr.,2,207,1
2014,133,0,6567,Vijay Singh,2,248,0
2014,133,0,22293,Heath Slocum,2,191,0
2014,133,0,21528,Henrik Stenson,2,176,0
2014,133,0,27963,Chris Stroud,2,271,0
2014,133,0,27330,Josh Teater,2,272,0
2014,133,0,2206,David Toms,2,182,0
2014,133,0,32333,Kevin Tway,2,179,1
2014,133,0,26289,Boo Weekley,2,217,0
2014,133,0,10423,Mike Weir,2,203,0
2014,133,0,20396,Lee Westwood,2,186,0
2014,163,0,7867,Woody Austin,1,182,0
2014,163,0,27895,Jonas Blixt,1,211,0
2014,163,0,20593,Greg Chalmers,1,249,1
2014,163,0,25720,Chad Collins,1,229,0
2014,163,0,28089,Jason Day,1,148,0
2014,163,0,29740,Brad Fritsch,1,144,0
2014,163,0,26758,David Hearn,1,309,0
2014,163,0,27141,J.B. Holmes,1,278,0
2014,163,0,29478,Kevin Kisner,1,262,0
2014,163,0,10860,Justin Leonard,1,229,0
2014,163,0,27466,Spencer Levin,1,176,1
2014,163,0,1724,Jeff Maggert,1,162,0
2014,163,0,25240,D.A. Points,1,236,0
2014,163,0,22913,John Rollins,1,243,0
2013,1,0,30926,Chris Kirk,14,280,4
2013,2,0,30925,Dustin Johnson,11,213,1
2013,2,0,30944,Jason Kokrak,11,249,4
2013,4,0,33141,Keegan Bradley,10,260,2
2013,4,0,34360,Patrick Reed,10,255,2
2013,4,0,34046,Jordan Spieth,10,251,4
2013,7,0,12510,Chad Campbell,9,239,4
2013,7,0,21209,Sergio Garcia,9,192,1
2013,7,0,32448,James Hahn,9,247,3
2013,7,0,26679,Kevin Stadler,9,249,4
2013,7,0,30110,Kyle Stanley,9,229,2
2013,7,0,21528,Henrik Stenson,9,196,1
2013,7,0,25834,Daniel Summerhays,9,273,4
2013,7,0,31323,Gary Woodland,9,282,1
2013,15,0,28089,Jason Day,8,251,1
2013,15,0,23638,Brendon de Jonge,8,341,3
2013,15,0,6522,Ernie Els,8,192,2
2013,15,0,28500,Martin Flores,8,259,0
2013,15,0,32102,Rickie Fowler,8,230,0
2013,15,0,24358,Robert Garrigus,8,217,1
2013,15,0,12716,Charley Hoffman,8,270,2
2013,15,0,23108,Matt Kuchar,8,270,0
2013,15,0,24490,George McNeill,8,209,0
2013,15,0,27933,John Merrick,8,250,2
2013,15,0,23621,Rory Sabbatini,8,248,3
2013,15,0,27770,Camilo Villegas,8,235,3
2013,15,0,25632,Jimmy Walker,8,279,2
2013,15,0,26289,Boo Weekley,8,302,1
2013,15,0,8793,Tiger Woods,8,184,1
2013,30,0,22371,Aaron Baddeley,7,223,2
2013,30,0,32200,Roberto Castro,7,309,0
2013,30,0,28307,Matt Every,7,287,1
2013,30,0,27644,Brian Harman,7,276,2
2013,30,0,34098,Russell Henley,7,238,2
2013,30,0,21961,Charles Howell III,7,274,1
2013,30,0,26300,Matt Jones,7,263,2
2013,30,0,36884,Ben Kohles,7,229,1
2013,30,0,22806,Doug LaBelle II,7,219,1
2013,30,0,28092,D.H. Lee,7,205,2
2013,30,0,27129,Luke List,7,204,3
2013,30,0,30692,Scott Stallings,7,246,2
2013,30,0,27214,Kevin Streelman,7,263,1
2013,30,0,32150,Michael Thompson,7,202,3
2013,30,0,28780,Nicholas Thompson,7,313,2
2013,30,0,27095,Nick Watney,7,281,0
2013,46,0,34021,Bud Cauley,6,204,2
2013,46,0,20593,Greg Chalmers,6,239,2
2013,46,0,32366,Kevin Chappell,6,261,0
2013,46,0,23452,Nicolas Colsaerts,6,143,2
2013,46,0,24494,Erik Compton,6,230,2
2013,46,0,29740,Brad Fritsch,6,247,1
2013,46,0,24399,Scott Gardiner,6,192,0
2013,46,0,27408,Martin Kaymer,6,166,0
2013,46,0,27936,Martin Laird,6,224,2
2013,46,0,28237,Rory McIlroy,6,180,1
2013,46,0,24140,Sean O'Hair,6,181,1
2013,46,0,20691,Greg Owen,6,223,0
2013,46,0,25818,Scott Piercy,6,230,2
2013,46,0,27556,Ted Potter Jr.,6,183,1
2013,46,0,27649,Brandt Snedeker,6,251,0
2013,46,0,6527,Steve Stricker,6,144,2
2013,46,0,33419,Cameron Tringale,6,261,1
2013,63,0,29479,Scott Brown,5,219,1
2013,63,0,27436,Graham DeLaet,5,294,0
2013,63,0,25900,Lucas Glover,5,215,3
2013,63,0,24924,Bill Haas,5,265,3
2013,63,0,23353,J.J. Henry,5,255,0
2013,63,0,34174,John Huh,5,274,2
2013,63,0,30852,Ryo Ishikawa,5,225,1
2013,63,0,24024,Zach Johnson,5,256,0
2013,63,0,19970,Robert Karlsson,5,164,1
2013,63,0,8075,Jerry Kelly,5,235,2
2013,63,0,27503,Steve LeBrun,5,204,1
2013,63,0,10860,Justin Leonard,5,274,2
2013,63,0,27120,Troy Matteson,5,216,1
2013,63,0,31202,William McGirt,5,240,1
2013,63,0,1810,Phil Mickelson,5,245,0
2013,63,0,23800,Bryce Molder,5,251,2
2013,63,0,26596,Ryan Moore,5,220,1
2013,63,0,22056,Cameron Percy,5,206,1
2013,63,0,25336,Alistair Presnell,5,181,1
2013,63,0,23497,Tag Ridings,5,207,0
2013,63,0,25562,Andres Romero,5,191,0
2013,63,0,29221,Webb Simpson,5,264,1
2013,63,0,29518,Brendan Steele,5,262,2
2013,63,0,34431,Robert Streb,5,219,1
2013,63,0,31560,Brian Stuard,5,235,0
2013,63,0,29425,Andrew Svoboda,5,136,2
2013,63,0,23623,Bo Van Pelt,5,227,0
2013,63,0,25804,Bubba Watson,5,234,0
2013,91,0,6004,Stephen Ames,4,148,0
2013,91,0,28259,Sangmoon Bae,4,256,1
2013,91,0,32334,Charlie Beljan,4,201,1
2013,91,0,20229,Stewart Cink,4,226,1
2013,91,0,21753,Brian Davis,4,290,2
2013,91,0,34099,Harris English,4,293,0
2013,91,0,31557,Jim Herman,4,167,1
2013,91,0,25444,Justin Hicks,4,239,0
2013,91,0,33461,Morgan Hoffmann,4,188,0
2013,91,0,29420,Billy Horschel,4,301,0
2013,91,0,21731,Freddie Jacobson,4,177,0
2013,91,0,6573,Brandt Jobe,4,180,0
2013,91,0,30711,Colt Knost,4,210,1
2013,91,0,34261,Scott Langley,4,238,0
2013,91,0,34409,David Lingmerth,4,220,1
2013,91,0,1724,Jeff Maggert,4,194,1
2013,91,0,24781,Hunter Mahan,4,270,1
2013,91,0,23320,Ryan Palmer,4,237,1
2013,91,0,20443,Jin Park,4,162,2
2013,91,0,24361,Pat Perez,4,229,1
2013,91,0,24502,Adam Scott,4,184,0
2013,91,0,22295,Darron Stiles,4,153,2
2013,91,0,27330,Josh Teater,4,267,0
2013,91,0,2206,David Toms,4,142,1
2013,91,0,20160,Charlie Wi,4,225,1
2013,91,0,28310,Lee Williams,4,194,2
2013,117,0,20098,Stuart Appleby,3,267,1
2013,117,0,24846,Ricky Barnes,3,220,1
2013,117,0,23135,Tim Clark,3,178,0
2013,117,0,28455,Will Claxton,3,205,1
2013,117,0,23541,Ben Crane,3,174,1
2013,117,0,23409,James Driscoll,3,241,0
2013,117,0,20104,Ken Duke,3,266,0
2013,117,0,37273,Derek Ernst,3,182,1
2013,117,0,1320,Bob Estes,3,209,0
2013,117,0,8725,Tom Gillis,3,195,2
2013,117,0,28679,Fabián Gómez,3,212,1
2013,117,0,35539,Luke Guthrie,3,265,2
2013,117,0,22792,Peter Hanson,3,122,1
2013,117,0,20766,Padraig Harrington,3,145,0
2013,117,0,12782,Tim Herron,3,140,0
2013,117,0,26851,Marc Leishman,3,230,0
2013,117,0,21099,David Lynn,3,229,0
2013,117,0,29289,S.Y. Noh,3,218,0
2013,117,0,30163,Henrik Norlander,3,217,0
2013,117,0,28475,Jeff Overton,3,249,0
2013,117,0,25345,Carl Pettersson,3,249,0
2013,117,0,26476,Chez Reavie,3,221,0
2013,117,0,22913,John Rollins,3,232,0
2013,117,0,22405,Justin Rose,3,178,1
2013,117,0,26331,Charl Schwartzel,3,204,1
2013,117,0,27963,Chris Stroud,3,287,1
2013,117,0,23788,D.J. Trahan,3,145,0
2013,117,0,26951,Johnson Wagner,3,195,1
2013,117,0,21878,Mark Wilson,3,161,0
2013,146,0,10885,Robert Allenby,2,185,1
2013,146,0,27895,Jonas Blixt,2,229,0
2013,146,0,25274,Steven Bowditch,2,205,0
2013,146,0,20848,Ángel Cabrera,2,228,1
2013,146,0,24357,K.J. Choi,2,262,0
2013,146,0,10809,Jim Furyk,2,249,1
2013,146,0,30750,Tommy Gainey,2,255,1
2013,146,0,19846,Brian Gay,2,238,1
2013,146,0,35139,Richard Lee,2,257,0
2013,146,0,22961,David Mathis,2,209,1
2013,146,0,25572,Graeme McDowell,2,148,0
2013,146,0,33869,Eric Meierdierks,2,154,1
2013,146,0,22046,Geoff Ogilvy,2,189,1
2013,146,0,25240,D.A. Points,2,275,1
2013,146,0,24138,Ian Poulter,2,158,0
2013,146,0,20645,John Senden,2,252,0
2013,146,0,33418,Shawn Stefani,2,191,0
2013,146,0,20396,Lee Westwood,2,215,1
2013,146,0,24663,Y.E. Yang,2,164,0
2013,165,0,24227,Justin Bolli,1,180,1
2013,165,0,22621,Ben Curtis,1,182,0
2013,165,0,25686,Jason Dufner,1,226,0
2013,165,0,10213,Dicky Pride,1,206,1
2013,165,0,6567,Vijay Singh,1,189,0
2013,165,0,23325,Vaughn Taylor,1,142,0
2013,165,0,10423,Mike Weir,1,188,0
2013,165,0,26497,Casey Wittenberg,1,224,0
2012,1,0,21961,Charles Howell III,15,298,3
2012,2,0,27644,Brian Harman,14,315,2
2012,2,0,25632,Jimmy Walker,14,331,1
2012,4,0,23638,Brendon de Jonge,13,370,4
2012,4,0,24358,Robert Garrigus,13,286,1
2012,4,0,27095,Nick Watney,13,303,1
2012,7,0,27895,Jonas Blixt,12,230,4
2012,7,0,33141,Keegan Bradley,12,266,4
2012,7,0,32698,Bobby Gates,12,265,4
2012,7,0,25804,Bubba Watson,12,214,1
2012,11,0,23541,Ben Crane,11,242,1
2012,11,0,20104,Ken Duke,11,319,2
2012,11,0,12716,Charley Hoffman,11,283,4
2012,11,0,29476,Kyle Reifers,11,279,5
2012,11,0,31323,Gary Woodland,11,222,1
2012,16,0,24024,Zach Johnson,10,289,0
2012,16,0,29289,S.Y. Noh,10,315,1
2012,16,0,25818,Scott Piercy,10,301,2
2012,16,0,30110,Kyle Stanley,10,251,1
2012,20,0,21407,Arjun Atwal,9,223,1
2012,20,0,32366,Kevin Chappell,9,271,4
2012,20,0,23409,James Driscoll,9,265,0
2012,20,0,27141,J.B. Holmes,9,272,0
2012,20,0,30926,Chris Kirk,9,279,2
2012,20,0,33122,Russell Knox,9,210,1
2012,20,0,28237,Rory McIlroy,9,164,2
2012,20,0,30692,Scott Stallings,9,247,4
2012,20,0,26951,Johnson Wagner,9,284,1
2012,29,0,29479,Scott Brown,8,194,1
2012,29,0,27436,Graham DeLaet,8,237,0
2012,29,0,30750,Tommy Gainey,8,299,3
2012,29,0,28308,Troy Kelly,8,195,1
2012,29,0,24490,George McNeill,8,275,1
2012,29,0,6567,Vijay Singh,8,302,3
2012,35,0,32334,Charlie Beljan,7,173,2
2012,35,0,20593,Greg Chalmers,7,275,1
2012,35,0,23204,Gary Christian,7,261,2
2012,35,0,21753,Brian Davis,7,292,2
2012,35,0,34099,Harris English,7,305,2
2012,35,0,32102,Rickie Fowler,7,265,1
2012,35,0,27974,Sung Kang,7,229,4
2012,35,0,24940,Edward Loar,7,167,0
2012,35,0,1724,Jeff Maggert,7,247,1
2012,35,0,27120,Troy Matteson,7,304,2
2012,35,0,1797,Rocco Mediate,7,213,0
2012,35,0,26596,Ryan Moore,7,289,1
2012,35,0,24140,Sean O'Hair,7,257,1
2012,35,0,27330,Josh Teater,7,297,1
2012,35,0,32150,Michael Thompson,7,240,0
2012,35,0,23623,Bo Van Pelt,7,260,0
2012,35,0,20160,Charlie Wi,7,275,0
2012,35,0,21878,Mark Wilson,7,250,2
2012,53,0,29910,Blake Adams,6,333,2
2012,53,0,28087,Kris Blanks,6,208,1
2012,53,0,20848,Ángel Cabrera,6,170,0
2012,53,0,28455,Will Claxton,6,299,2
2012,53,0,24494,Erik Compton,6,240,2
2012,53,0,11123,Chris Couch,6,186,0
2012,53,0,20574,Mathew Goggin,6,200,2
2012,53,0,20766,Padraig Harrington,6,189,2
2012,53,0,34174,John Huh,6,303,1
2012,53,0,30852,Ryo Ishikawa,6,156,1
2012,53,0,30925,Dustin Johnson,6,204,3
2012,53,0,30944,Jason Kokrak,6,228,0
2012,53,0,27797,Derek Lamely,6,196,0
2012,53,0,29926,Danny Lee,6,219,2
2012,53,0,27466,Spencer Levin,6,250,3
2012,53,0,27302,Garth Mulroy,6,167,0
2012,53,0,28475,Jeff Overton,6,313,0
2012,53,0,25345,Carl Pettersson,6,274,0
2012,53,0,25562,Andres Romero,6,204,0
2012,53,0,24502,Adam Scott,6,180,0
2012,53,0,20645,John Senden,6,250,0
2012,53,0,29518,Brendan Steele,6,243,2
2012,53,0,30927,Brendon Todd,6,227,1
2012,53,0,25892,Steve Wheatcroft,6,157,1
2012,77,0,28259,Sangmoon Bae,5,242,0
2012,77,0,24846,Ricky Barnes,5,271,0
2012,77,0,23542,Tommy Biershenk,5,231,2
2012,77,0,24925,Jonathan Byrd,5,216,1
2012,77,0,32200,Roberto Castro,5,273,1
2012,77,0,34021,Bud Cauley,5,321,3
2012,77,0,24357,K.J. Choi,5,224,0
2012,77,0,20229,Stewart Cink,5,219,1
2012,77,0,28089,Jason Day,5,168,0
2012,77,0,23983,Luke Donald,5,204,1
2012,77,0,25686,Jason Dufner,5,254,0
2012,77,0,21805,Harrison Frazar,5,165,0
2012,77,0,10809,Jim Furyk,5,257,2
2012,77,0,21209,Sergio Garcia,5,172,1
2012,77,0,12782,Tim Herron,5,262,2
2012,77,0,29420,Billy Horschel,5,171,1
2012,77,0,29222,Billy Hurley III,5,203,1
2012,77,0,26300,Matt Jones,5,167,2
2012,77,0,23108,Matt Kuchar,5,246,0
2012,77,0,31202,William McGirt,5,307,3
2012,77,0,1810,Phil Mickelson,5,261,0
2012,77,0,22046,Geoff Ogilvy,5,245,0
2012,77,0,26329,Louis Oosthuizen,5,190,0
2012,77,0,20572,Rod Pampling,5,262,2
2012,77,0,25240,D.A. Points,5,273,0
2012,77,0,22405,Justin Rose,5,226,1
2012,77,0,29221,Webb Simpson,5,242,2
2012,77,0,27649,Brandt Snedeker,5,246,1
2012,77,0,25834,Daniel Summerhays,5,255,3
2012,77,0,26287,Roland Thatcher,5,162,1
2012,77,0,27064,Jhonattan Vegas,5,239,2
2012,77,0,26289,Boo Weekley,5,217,2
2012,77,0,20396,Lee Westwood,5,168,0
2012,110,0,20098,Stuart Appleby,4,218,1
2012,110,0,12652,Cameron Beckman,4,239,0
2012,110,0,1116,Michael Bradley,4,202,1
2012,110,0,1249,John Daly,4,124,0
2012,110,0,6034,Marco Dawson,4,193,2
2012,110,0,6251,Chris DiMarco,4,255,1
2012,110,0,6522,Ernie Els,4,242,0
2012,110,0,23718,Nathan Green,4,209,0
2012,110,0,24924,Bill Haas,4,254,0
2012,110,0,30711,Colt Knost,4,237,0
2012,110,0,27936,Martin Laird,4,247,1
2012,110,0,24781,Hunter Mahan,4,257,1
2012,110,0,27060,John Mallinger,4,215,1
2012,110,0,22961,David Mathis,4,250,0
2012,110,0,27933,John Merrick,4,239,0
2012,110,0,24361,Pat Perez,4,264,1
2012,110,0,1941,Tom Pernice Jr.,4,182,0
2012,110,0,22913,John Rollins,4,240,1
2012,110,0,22293,Heath Slocum,4,266,1
2012,110,0,21528,Henrik Stenson,4,168,0
2012,110,0,27963,Chris Stroud,4,267,2
2012,110,0,2206,David Toms,4,192,0
2012,110,0,8793,Tiger Woods,4,211,0
2012,133,0,22371,Aaron Baddeley,3,233,0
2012,133,0,20070,Matt Bettencourt,3,240,1
2012,133,0,24507,Jason Bohn,3,230,1
2012,133,0,12510,Chad Campbell,3,245,0
2012,133,0,20850,Daniel Chopra,3,153,0
2012,133,0,23135,Tim Clark,3,174,0
2012,133,0,6036,Scott Dunlap,3,158,1
2012,133,0,23903,Stephen Gangluff,3,167,0
2012,133,0,8725,Tom Gillis,3,247,2
2012,133,0,24604,Hunter Haas,3,198,0
2012,133,0,31558,J.J. Killeen,3,302,1
2012,133,0,29478,Kevin Kisner,3,201,0
2012,133,0,23548,Bill Lunde,3,250,0
2012,133,0,25572,Graeme McDowell,3,174,0
2012,133,0,27556,Ted Potter Jr.,3,233,1
2012,133,0,26476,Chez Reavie,3,267,0
2012,133,0,23621,Rory Sabbatini,3,256,0
2012,133,0,22548,Patrick Sheehan,3,171,0
2012,133,0,27214,Kevin Streelman,3,278,1
2012,133,0,6527,Steve Stricker,3,220,0
2012,133,0,23325,Vaughn Taylor,3,249,2
2012,133,0,33419,Cameron Tringale,3,293,1
2012,133,0,27770,Camilo Villegas,3,245,1
2012,156,0,33120,Mark Anderson,2,231,0
2012,156,0,28093,Miguel Angel Carballo,2,219,0
2012,156,0,22621,Ben Curtis,2,210,0
2012,156,0,1320,Bob Estes,2,231,1
2012,156,0,28500,Martin Flores,2,285,0
2012,156,0,26758,David Hearn,2,295,0
2012,156,0,22378,Trevor Immelman,2,246,1
2012,156,0,6573,Brandt Jobe,2,185,0
2012,156,0,8075,Jerry Kelly,2,253,0
2012,156,0,26851,Marc Leishman,2,266,0
2012,156,0,1766,Billy Mayfair,2,255,0
2012,156,0,25396,Kevin Na,2,255,0
2012,156,0,20691,Greg Owen,2,267,1
2012,156,0,10213,Dicky Pride,2,182,0
2012,156,0,26331,Charl Schwartzel,2,164,0
2012,156,0,26679,Kevin Stadler,2,255,1
2012,172,0,20623,Gavin Coles,1,210,1
2012,172,0,23353,J.J. Henry,1,287,0
2012,172,0,21350,Ryuji Imada,1,238,0
2012,172,0,21731,Freddie Jacobson,1,178,0
2012,172,0,19970,Robert Karlsson,1,162,0
2012,172,0,35139,Richard Lee,1,198,0
2012,172,0,10860,Justin Leonard,1,233,1
2012,172,0,23800,Bryce Molder,1,259,0
2012,172,0,23320,Ryan Palmer,1,256,0
2012,172,0,24138,Ian Poulter,1,179,0
2012,172,0,25457,Alexandre Rocha,1,175,0
2012,172,0,22582,Kyle Thompson,1,146,0
2012,172,0,24663,Y.E. Yang,1,178,0
2011,1,0,32698,Bobby Gates,15,266,0
2011,2,0,27974,Sung Kang,14,193,4
2011,2,0,30110,Kyle Stanley,14,300,3
2011,2,0,25804,Bubba Watson,14,258,0
2011,5,0,23788,D.J. Trahan,13,276,2
2011,6,0,22913,John Rollins,11,263,1
2011,6,0,29221,Webb Simpson,11,295,1
2011,6,0,23623,Bo Van Pelt,11,269,1
2011,9,0,20593,Greg Chalmers,10,269,3
2011,9,0,25900,Lucas Glover,10,216,0
2011,9,0,12716,Charley Hoffman,10,305,4
2011,9,0,24781,Hunter Mahan,10,274,2
2011,9,0,25240,D.A. Points,10,281,3
2011,9,0,23497,Tag Ridings,10,266,1
2011,9,0,27649,Brandt Snedeker,10,253,4
2011,9,0,26679,Kevin Stadler,10,286,1
2011,9,0,29518,Brendan Steele,10,280,0
2011,9,0,27330,Josh Teater,10,321,1
2011,19,0,20070,Matt Bettencourt,9,258,3
2011,19,0,32102,Rickie Fowler,9,245,2
2011,19,0,27797,Derek Lamely,9,212,2
2011,19,0,28158,Steve Marino,9,240,2
2011,19,0,1766,Billy Mayfair,9,295,4
2011,19,0,10585,Scott McCarron,9,197,2
2011,19,0,31401,Zack Miller,9,271,3
2011,19,0,25818,Scott Piercy,9,242,0
2011,19,0,27095,Nick Watney,9,234,1
2011,28,0,25274,Steven Bowditch,8,261,1
2011,28,0,33141,Keegan Bradley,8,277,2
2011,28,0,1116,Michael Bradley,8,223,2
2011,28,0,32366,Kevin Chappell,8,246,1
2011,28,0,11123,Chris Couch,8,233,3
2011,28,0,21209,Sergio Garcia,8,177,2
2011,28,0,24924,Bill Haas,8,283,3
2011,28,0,21961,Charles Howell III,8,323,2
2011,28,0,27936,Martin Laird,8,249,1
2011,28,0,26881,Jarrod Lyle,8,261,2
2011,28,0,33413,Ben Martin,8,239,2
2011,28,0,25345,Carl Pettersson,8,281,2
2011,28,0,25562,Andres Romero,8,228,1
2011,28,0,20645,John Senden,8,297,0
2011,28,0,34072,Will Strickler,8,157,1
2011,28,0,31323,Gary Woodland,8,286,1
2011,44,0,24846,Ricky Barnes,7,228,5
2011,44,0,24507,Jason Bohn,7,236,1
2011,44,0,20848,Ángel Cabrera,7,160,0
2011,44,0,23638,Brendon de Jonge,7,326,0
2011,44,0,30750,Tommy Gainey,7,316,2
2011,44,0,24358,Robert Garrigus,7,263,1
2011,44,0,19970,Robert Karlsson,7,177,0
2011,44,0,29478,Kevin Kisner,7,216,0
2011,44,0,27466,Spencer Levin,7,333,1
2011,44,0,27120,Troy Matteson,7,298,2
2011,44,0,27933,John Merrick,7,206,1
2011,44,0,25396,Kevin Na,7,265,1
2011,44,0,21949,Joe Ogilvie,7,231,0
2011,44,0,28475,Jeff Overton,7,270,1
2011,44,0,22405,Justin Rose,7,247,2
2011,44,0,33911,Nate Smith,7,206,0
2011,44,0,25834,Daniel Summerhays,7,239,0
2011,44,0,2206,David Toms,7,239,3
2011,44,0,33419,Cameron Tringale,7,331,0
2011,44,0,25632,Jimmy Walker,7,230,1
2011,64,0,24925,Jonathan Byrd,6,248,1
2011,64,0,24980,Scott Gutschewski,6,213,3
2011,64,0,1577,Lee Janzen,6,196,2
2011,64,0,26851,Marc Leishman,6,270,1
2011,64,0,32640,Troy Merritt,6,197,2
2011,64,0,1810,Phil Mickelson,6,248,1
2011,64,0,24140,Sean O'Hair,6,193,0
2011,64,0,30946,Alex Prugh,6,264,1
2011,64,0,26476,Chez Reavie,6,290,2
2011,64,0,24502,Adam Scott,6,167,1
2011,64,0,27214,Kevin Streelman,6,280,0
2011,64,0,27963,Chris Stroud,6,270,2
2011,64,0,27064,Jhonattan Vegas,6,257,1
2011,77,0,22371,Aaron Baddeley,5,240,1
2011,77,0,28087,Kris Blanks,5,288,1
2011,77,0,24290,D.J. Brigman,5,199,2
2011,77,0,20472,Alex Cejka,5,202,1
2011,77,0,24357,K.J. Choi,5,232,2
2011,77,0,21753,Brian Davis,5,330,1
2011,77,0,28089,Jason Day,5,215,0
2011,77,0,23409,James Driscoll,5,226,0
2011,77,0,28679,Fabián Gómez,5,271,1
2011,77,0,29720,Andres Gonzales,5,184,0
2011,77,0,23718,Nathan Green,5,243,0
2011,77,0,27141,J.B. Holmes,5,177,1
2011,77,0,22378,Trevor Immelman,5,251,1
2011,77,0,21731,Freddie Jacobson,5,269,1
2011,77,0,30925,Dustin Johnson,5,226,1
2011,77,0,24024,Zach Johnson,5,232,0
2011,77,0,26300,Matt Jones,5,239,2
2011,77,0,8075,Jerry Kelly,5,239,2
2011,77,0,29718,Anthony Kim,5,205,0
2011,77,0,35087,Bio Kim,5,226,1
2011,77,0,23108,Matt Kuchar,5,259,0
2011,77,0,23548,Bill Lunde,5,304,0
2011,77,0,24490,George McNeill,5,210,2
2011,77,0,27939,Matt McQuillan,5,180,2
2011,77,0,20572,Rod Pampling,5,219,5
2011,77,0,31193,Jim Renner,5,207,0
2011,77,0,30692,Scott Stallings,5,260,0
2011,77,0,23325,Vaughn Taylor,5,277,0
2011,77,0,26287,Roland Thatcher,5,210,0
2011,77,0,27770,Camilo Villegas,5,206,3
2011,77,0,26289,Boo Weekley,5,204,1
2011,77,0,21878,Mark Wilson,5,264,1
2011,109,0,29910,Blake Adams,4,365,0
2011,109,0,12652,Cameron Beckman,4,221,2
2011,109,0,10505,Shane Bertsch,4,185,3
2011,109,0,34255,Joseph Bramlett,4,229,1
2011,109,0,20229,Stewart Cink,4,233,0
2011,109,0,23541,Ben Crane,4,212,1
2011,109,0,6251,Chris DiMarco,4,286,1
2011,109,0,25686,Jason Dufner,4,231,1
2011,109,0,10809,Jim Furyk,4,254,2
2011,109,0,8537,J.P. Hayes,4,187,1
2011,109,0,26758,David Hearn,4,260,1
2011,109,0,23353,J.J. Henry,4,306,0
2011,109,0,31557,Jim Herman,4,219,0
2011,109,0,29420,Billy Horschel,4,238,1
2011,109,0,10733,Kent Jones,4,219,0
2011,109,0,30926,Chris Kirk,4,265,0
2011,109,0,30711,Colt Knost,4,245,1
2011,109,0,25572,Graeme McDowell,4,145,0
2011,109,0,31202,William McGirt,4,309,0
2011,109,0,24361,Pat Perez,4,250,2
2011,109,0,22293,Heath Slocum,4,262,2
2011,109,0,6527,Steve Stricker,4,215,0
2011,109,0,32150,Michael Thompson,4,242,0
2011,132,0,10885,Robert Allenby,3,247,1
2011,132,0,20098,Stuart Appleby,3,194,2
2011,132,0,21407,Arjun Atwal,3,276,1
2011,132,0,12510,Chad Campbell,3,295,0
2011,132,0,23983,Luke Donald,3,203,0
2011,132,0,9011,David Duval,3,217,0
2011,132,0,21805,Harrison Frazar,3,165,1
2011,132,0,20766,Padraig Harrington,3,176,0
2011,132,0,10860,Justin Leonard,3,255,1
2011,132,0,6515,Shaun Micheel,3,240,0
2011,132,0,26596,Ryan Moore,3,230,1
2011,132,0,22348,Nick O'Hern,3,282,1
2011,132,0,23320,Ryan Palmer,3,257,1
2011,132,0,32876,Martin Piller,3,198,1
2011,132,0,24138,Ian Poulter,3,153,1
2011,132,0,20127,Chris Riley,3,239,1
2011,132,0,26331,Charl Schwartzel,3,172,1
2011,132,0,6567,Vijay Singh,3,242,1
2011,132,0,20160,Charlie Wi,3,258,0
2011,132,0,12602,Dean Wilson,3,199,1
2011,132,0,24663,Y.E. Yang,3,171,0
2011,153,0,23673,Michael Connell,2,227,1
2011,153,0,6621,Joe Durant,2,220,1
2011,153,0,6522,Ernie Els,2,209,0
2011,153,0,7457,Steve Flesch,2,257,1
2011,153,0,19846,Brian Gay,2,273,1
2011,153,0,8725,Tom Gillis,2,147,0
2011,153,0,24604,Hunter Haas,2,313,0
2011,153,0,12782,Tim Herron,2,253,2
2011,153,0,25444,Justin Hicks,2,182,0
2011,153,0,21350,Ryuji Imada,2,256,0
2011,153,0,6573,Brandt Jobe,2,317,1
2011,153,0,26420,Richard Johnson,2,201,0
2011,153,0,1706,Davis Love III,2,207,0
2011,153,0,22961,David Mathis,2,250,0
2011,153,0,1797,Rocco Mediate,2,178,0
2011,153,0,23800,Bryce Molder,2,258,0
2011,153,0,28620,Aron Price,2,170,0
2011,153,0,25457,Alexandre Rocha,2,193,0
2011,153,0,8375,Paul Stankowski,2,244,1
2011,153,0,26668,Marc Turnesa,2,167,0
2011,153,0,26951,Johnson Wagner,2,239,1
2011,174,0,7867,Woody Austin,1,187,0
2011,174,0,20498,Briny Baird,1,177,1
2011,174,0,22621,Ben Curtis,1,196,0
2011,174,0,1313,Steve Elkington,1,169,0
2011,174,0,20157,Retief Goosen,1,153,0
2011,174,0,6643,Paul Goydos,1,260,1
2011,174,0,22046,Geoff Ogilvy,1,191,0
2011,174,0,1948,Tim Petrovic,1,279,0
2011,174,0,28486,Michael Putnam,1,205,0
2011,174,0,23621,Rory Sabbatini,1,261,0
2011,174,0,20436,Garrett Willis,1,219,1
2010,1,0,20070,Matt Bettencourt,17,303,4
2010,2,0,30925,Dustin Johnson,13,263,2
2010,3,0,27141,J.B. Holmes,12,309,1
2010,3,0,27936,Martin Laird,12,286,0
2010,3,0,25804,Bubba Watson,12,246,3
2010,6,0,22371,Aaron Baddeley,10,297,3
2010,6,0,24846,Ricky Barnes,10,325,2
2010,6,0,12716,Charley Hoffman,10,270,1
2010,6,0,25818,Scott Piercy,10,281,2
2010,6,0,26679,Kevin Stadler,10,286,0
2010,6,0,23788,D.J. Trahan,10,298,2
2010,12,0,1249,John Daly,9,185,1
2010,12,0,32102,Rickie Fowler,9,312,2
2010,12,0,24924,Bill Haas,9,282,3
2010,12,0,26300,Matt Jones,9,283,3
2010,12,0,26695,Michael Letzig,9,257,1
2010,12,0,24781,Hunter Mahan,9,267,1
2010,12,0,1810,Phil Mickelson,9,253,1
2010,12,0,21949,Joe Ogilvie,9,315,5
2010,12,0,6595,Kevin Sutherland,9,281,1
2010,12,0,27095,Nick Watney,9,285,3
2010,22,0,7867,Woody Austin,8,296,2
2010,22,0,23673,Michael Connell,8,275,2
2010,22,0,25686,Jason Dufner,8,284,2
2010,22,0,26420,Richard Johnson,8,271,2
2010,22,0,27797,Derek Lamely,8,259,2
2010,22,0,1706,Davis Love III,8,243,3
2010,22,0,23548,Bill Lunde,8,268,1
2010,22,0,26301,James Nitties,8,293,0
2010,22,0,25562,Andres Romero,8,232,1
2010,22,0,27330,Josh Teater,8,325,2
2010,22,0,23349,Charles Warren,8,200,0
2010,33,0,20098,Stuart Appleby,7,307,0
2010,33,0,23613,Rich Barcelo,7,218,2
2010,33,0,23638,Brendon de Jonge,7,369,1
2010,33,0,8725,Tom Gillis,7,313,1
2010,33,0,20574,Mathew Goggin,7,266,0
2010,33,0,23353,J.J. Henry,7,287,2
2010,33,0,21961,Charles Howell III,7,330,2
2010,33,0,23108,Matt Kuchar,7,298,2
2010,33,0,10585,Scott McCarron,7,288,2
2010,33,0,24140,Sean O'Hair,7,265,0
2010,33,0,20572,Rod Pampling,7,253,2
2010,33,0,1945,Kenny Perry,7,216,2
2010,33,0,25345,Carl Pettersson,7,314,1
2010,33,0,30946,Alex Prugh,7,279,1
2010,33,0,6567,Vijay Singh,7,219,3
2010,33,0,26289,Boo Weekley,7,267,2
2010,49,0,10885,Robert Allenby,6,226,2
2010,49,0,24507,Jason Bohn,6,271,2
2010,49,0,24925,Jonathan Byrd,6,259,2
2010,49,0,25364,Paul Casey,6,170,0
2010,49,0,20593,Greg Chalmers,6,295,1
2010,49,0,20229,Stewart Cink,6,248,2
2010,49,0,25720,Chad Collins,6,265,2
2010,49,0,11123,Chris Couch,6,216,1
2010,49,0,23541,Ben Crane,6,253,3
2010,49,0,23409,James Driscoll,6,240,2
2010,49,0,7457,Steve Flesch,6,261,2
2010,49,0,25900,Lucas Glover,6,234,0
2010,49,0,8537,J.P. Hayes,6,261,3
2010,49,0,24490,George McNeill,6,248,0
2010,49,0,27933,John Merrick,6,344,0
2010,49,0,32640,Troy Merritt,6,271,2
2010,49,0,27302,Garth Mulroy,6,174,0
2010,49,0,28475,Jeff Overton,6,271,0
2010,49,0,23320,Ryan Palmer,6,271,1
2010,49,0,7749,Brett Quigley,6,313,2
2010,49,0,24502,Adam Scott,6,227,1
2010,49,0,27214,Kevin Streelman,6,287,2
2010,49,0,23623,Bo Van Pelt,6,321,0
2010,49,0,26951,Johnson Wagner,6,272,2
2010,73,0,24357,K.J. Choi,5,263,0
2010,73,0,20850,Daniel Chopra,5,237,2
2010,73,0,21753,Brian Davis,5,328,1
2010,73,0,6621,Joe Durant,5,200,1
2010,73,0,1313,Steve Elkington,5,245,3
2010,73,0,28500,Martin Flores,5,247,1
2010,73,0,20766,Padraig Harrington,5,175,0
2010,73,0,8075,Jerry Kelly,5,316,2
2010,73,0,27060,John Mallinger,5,250,1
2010,73,0,28158,Steve Marino,5,267,1
2010,73,0,1766,Billy Mayfair,5,247,0
2010,73,0,26596,Ryan Moore,5,253,0
2010,73,0,25396,Kevin Na,5,285,1
2010,73,0,25240,D.A. Points,5,287,3
2010,73,0,28620,Aron Price,5,216,1
2010,73,0,22913,John Rollins,5,252,2
2010,73,0,23621,Rory Sabbatini,5,262,1
2010,73,0,27649,Brandt Snedeker,5,279,1
2010,73,0,6527,Steve Stricker,5,224,2
2010,73,0,23325,Vaughn Taylor,5,285,3
2010,73,0,28780,Nicholas Thompson,5,286,0
2010,73,0,27770,Camilo Villegas,5,220,0
2010,73,0,25632,Jimmy Walker,5,262,0
2010,96,0,6004,Stephen Ames,4,230,1
2010,96,0,20498,Briny Baird,4,259,0
2010,96,0,22946,Henrik Bjornstad,4,235,1
2010,96,0,20472,Alex Cejka,4,266,1
2010,96,0,28089,Jason Day,4,247,1
2010,96,0,27436,Graham DeLaet,4,271,1
2010,96,0,24358,Robert Garrigus,4,216,1
2010,96,0,22378,Trevor Immelman,4,168,2
2010,96,0,6514,Kevin Johnson,4,201,0
2010,96,0,26851,Marc Leishman,4,259,1
2010,96,0,27613,David Lutterus,4,224,2
2010,96,0,1724,Jeff Maggert,4,235,1
2010,96,0,27120,Troy Matteson,4,266,0
2010,96,0,1797,Rocco Mediate,4,224,3
2010,96,0,24361,Pat Perez,4,287,1
2010,96,0,25190,Jeff Quinney,4,283,0
2010,96,0,20127,Chris Riley,4,213,0
2010,96,0,20645,John Senden,4,329,0
2010,96,0,29221,Webb Simpson,4,299,1
2010,96,0,22293,Heath Slocum,4,315,0
2010,96,0,23307,Roger Tambellini,4,247,1
2010,96,0,26287,Roland Thatcher,4,227,1
2010,96,0,2206,David Toms,4,266,0
2010,96,0,33419,Cameron Tringale,4,179,0
2010,96,0,10423,Mike Weir,4,185,2
2010,96,0,25892,Steve Wheatcroft,4,237,1
2010,96,0,20160,Charlie Wi,4,290,0
2010,96,0,10425,Jay Williamson,4,234,0
2010,96,0,20436,Garrett Willis,4,264,0
2010,96,0,21878,Mark Wilson,4,277,1
2010,126,0,29910,Blake Adams,3,252,1
2010,126,0,20848,Ángel Cabrera,3,196,0
2010,126,0,1161,Mark Calcavecchia,3,163,0
2010,126,0,12510,Chad Campbell,3,289,0
2010,126,0,6251,Chris DiMarco,3,278,1
2010,126,0,1320,Bob Estes,3,244,1
2010,126,0,10809,Jim Furyk,3,235,1
2010,126,0,19846,Brian Gay,3,306,2
2010,126,0,20157,Retief Goosen,3,215,0
2010,126,0,20105,Jeff Gove,3,184,1
2010,126,0,23718,Nathan Green,3,266,0
2010,126,0,12782,Tim Herron,3,245,0
2010,126,0,21731,Freddie Jacobson,3,255,0
2010,126,0,10860,Justin Leonard,3,255,1
2010,126,0,28237,Rory McIlroy,3,162,0
2010,126,0,22056,Cameron Percy,3,239,1
2010,126,0,1941,Tom Pernice Jr.,3,227,0
2010,126,0,20686,Jeev Milkha Singh,3,164,2
2010,126,0,31560,Brian Stuard,3,249,0
2010,126,0,12714,Chris Tidland,3,251,0
2010,126,0,12755,Vance Veazey,3,185,0
2010,126,0,2239,Scott Verplank,3,220,0
2010,126,0,23322,Brett Wetterich,3,164,1
2010,126,0,24663,Y.E. Yang,3,214,0
2010,150,0,12652,Cameron Beckman,2,204,0
2010,150,0,23135,Tim Clark,2,267,0
2010,150,0,22621,Ben Curtis,2,237,0
2010,150,0,9011,David Duval,2,237,0
2010,150,0,6522,Ernie Els,2,224,0
2010,150,0,28307,Matt Every,2,192,0
2010,150,0,1329,Brad Faxon,2,189,0
2010,150,0,21209,Sergio Garcia,2,169,1
2010,150,0,20378,Mathias Grönberg,2,187,0
2010,150,0,21350,Ryuji Imada,2,279,0
2010,150,0,1577,Lee Janzen,2,240,0
2010,150,0,24024,Zach Johnson,2,280,1
2010,150,0,1619,Skip Kendall,2,184,0
2010,150,0,12705,Cliff Kresge,2,154,0
2010,150,0,27466,Spencer Levin,2,341,0
2010,150,0,1707,Steve Lowery,2,213,0
2010,150,0,26881,Jarrod Lyle,2,166,0
2010,150,0,24912,Will MacKenzie,2,223,0
2010,150,0,22122,Andrew McLardy,2,167,1
2010,150,0,6515,Shaun Micheel,2,218,1
2010,150,0,23800,Bryce Molder,2,269,1
2010,150,0,20663,Brenden Pappas,2,215,1
2010,150,0,24138,Ian Poulter,2,148,0
2010,150,0,21959,Ted Purdy,2,276,0
2010,150,0,22405,Justin Rose,2,235,1
2010,150,0,26882,Michael Sim,2,196,0
2010,150,0,8375,Paul Stankowski,2,188,0
2010,150,0,27963,Chris Stroud,2,285,1
2010,150,0,32617,Jerod Turner,2,165,0
2010,150,0,26392,Chris Wilson,2,213,1
2010,180,0,28087,Kris Blanks,1,300,0
2010,180,0,24227,Justin Bolli,1,178,0
2010,180,0,1116,Michael Bradley,1,246,0
2010,180,0,29285,Brent Delahoussaye,1,179,0
2010,180,0,6643,Paul Goydos,1,253,0
2010,180,0,6012,Greg Kraft,1,168,0
2010,180,0,22046,Geoff Ogilvy,1,196,0
2010,180,0,20691,Greg Owen,1,226,0
2010,180,0,1948,Tim Petrovic,1,334,0
2010,180,0,8385,Omar Uresti,1,239,0
2010,180,0,12602,Dean Wilson,1,160,0
2009,1,0,20157,Retief Goosen,16,229,2
2009,2,0,20645,John Senden,14,310,1
2009,3,0,25804,Bubba Watson,13,240,2
2009,4,0,24358,Robert Garrigus,12,261,5
2009,4,0,24361,Pat Perez,12,233,1
2009,4,0,27963,Chris Stroud,12,262,2
2009,4,0,27095,Nick Watney,12,281,2
2009,8,0,24024,Zach Johnson,11,274,2
2009,8,0,26679,Kevin Stadler,11,203,4
2009,10,0,12652,Cameron Beckman,10,262,2
2009,10,0,21805,Harrison Frazar,10,273,2
2009,10,0,12716,Charley Hoffman,10,313,1
2009,10,0,30925,Dustin Johnson,10,273,2
2009,10,0,26695,Michael Letzig,10,302,1
2009,10,0,25396,Kevin Na,10,290,1
2009,10,0,20127,Chris Riley,10,229,5
2009,10,0,23788,D.J. Trahan,10,303,3
2009,18,0,24925,Jonathan Byrd,9,302,1
2009,18,0,20850,Daniel Chopra,9,288,2
2009,18,0,23353,J.J. Henry,9,279,2
2009,18,0,27936,Martin Laird,9,224,0
2009,18,0,23548,Bill Lunde,9,245,0
2009,18,0,27060,John Mallinger,9,289,2
2009,18,0,1810,Phil Mickelson,9,203,1
2009,18,0,22913,John Rollins,9,303,2
2009,18,0,28780,Nicholas Thompson,9,313,1
2009,18,0,26951,Johnson Wagner,9,254,1
2009,18,0,25632,Jimmy Walker,9,233,0
2009,18,0,10423,Mike Weir,9,253,0
2009,18,0,24663,Y.E. Yang,9,261,0
2009,31,0,23778,Brad Adamonis,8,221,1
2009,31,0,10885,Robert Allenby,8,208,3
2009,31,0,22371,Aaron Baddeley,8,208,0
2009,31,0,23614,Rich Beem,8,243,2
2009,31,0,23541,Ben Crane,8,291,3
2009,31,0,21209,Sergio Garcia,8,168,0
2009,31,0,1706,Davis Love III,8,269,3
2009,31,0,7749,Brett Quigley,8,290,2
2009,31,0,23497,Tag Ridings,8,147,2
2009,31,0,2206,David Toms,8,289,2
2009,31,0,27770,Camilo Villegas,8,241,3
2009,31,0,8793,Tiger Woods,8,192,1
2009,43,0,20070,Matt Bettencourt,7,306,0
2009,43,0,24924,Bill Haas,7,284,2
2009,43,0,1473,Todd Hamilton,7,260,0
2009,43,0,26300,Matt Jones,7,183,2
2009,43,0,26851,Marc Leishman,7,269,1
2009,43,0,27120,Troy Matteson,7,298,2
2009,43,0,1797,Rocco Mediate,7,242,1
2009,43,0,26301,James Nitties,7,251,1
2009,43,0,22348,Nick O'Hern,7,262,2
2009,43,0,23320,Ryan Palmer,7,253,0
2009,43,0,25345,Carl Pettersson,7,258,1
2009,43,0,21959,Ted Purdy,7,309,1
2009,43,0,25562,Andres Romero,7,180,0
2009,43,0,29221,Webb Simpson,7,297,1
2009,43,0,27214,Kevin Streelman,7,285,1
2009,43,0,28118,Peter Tomasulo,7,194,0
2009,43,0,23623,Bo Van Pelt,7,313,1
2009,43,0,26498,Matt Weibring,7,197,3
2009,43,0,20160,Charlie Wi,7,289,1
2009,62,0,6197,Michael Allen,6,237,1
2009,62,0,6004,Stephen Ames,6,240,1
2009,62,0,24846,Ricky Barnes,6,191,0
2009,62,0,12510,Chad Campbell,6,274,2
2009,62,0,20229,Stewart Cink,6,208,1
2009,62,0,23135,Tim Clark,6,233,2
2009,62,0,28089,Jason Day,6,197,1
2009,62,0,20104,Ken Duke,6,291,2
2009,62,0,7457,Steve Flesch,6,253,1
2009,62,0,20574,Mathew Goggin,6,234,3
2009,62,0,27933,John Merrick,6,284,1
2009,62,0,21949,Joe Ogilvie,6,269,1
2009,62,0,20691,Greg Owen,6,294,0
2009,62,0,23621,Rory Sabbatini,6,250,1
2009,62,0,2239,Scott Verplank,6,251,2
2009,77,0,7867,Woody Austin,5,268,2
2009,77,0,20498,Briny Baird,5,270,0
2009,77,0,28087,Kris Blanks,5,190,1
2009,77,0,25686,Jason Dufner,5,283,1
2009,77,0,9011,David Duval,5,177,2
2009,77,0,1313,Steve Elkington,5,236,1
2009,77,0,6522,Ernie Els,5,202,0
2009,77,0,20766,Padraig Harrington,5,207,0
2009,77,0,12782,Tim Herron,5,258,2
2009,77,0,8075,Jerry Kelly,5,267,2
2009,77,0,29718,Anthony Kim,5,224,0
2009,77,0,1707,Steve Lowery,5,265,1
2009,77,0,28158,Steve Marino,5,286,2
2009,77,0,1766,Billy Mayfair,5,261,1
2009,77,0,10585,Scott McCarron,5,287,0
2009,77,0,24490,George McNeill,5,242,0
2009,77,0,23800,Bryce Molder,5,191,0
2009,77,0,24140,Sean O'Hair,5,227,0
2009,77,0,27683,Leif Olson,5,159,1
2009,77,0,1941,Tom Pernice Jr.,5,271,2
2009,77,0,1945,Kenny Perry,5,277,1
2009,77,0,25240,D.A. Points,5,312,2
2009,77,0,28620,Aron Price,5,276,1
2009,77,0,6527,Steve Stricker,5,248,2
2009,77,0,6595,Kevin Sutherland,5,313,1
2009,77,0,23325,Vaughn Taylor,5,261,1
2009,77,0,2214,Kirk Triplett,5,193,1
2009,77,0,21878,Mark Wilson,5,302,1
2009,105,0,24507,Jason Bohn,4,279,0
2009,105,0,20472,Alex Cejka,4,261,1
2009,105,0,1226,Fred Couples,4,171,1
2009,105,0,21753,Brian Davis,4,308,1
2009,105,0,6251,Chris DiMarco,4,285,3
2009,105,0,1320,Bob Estes,4,244,0
2009,105,0,31416,Derek Fathauer,4,199,1
2009,105,0,22892,Jason Gore,4,236,1
2009,105,0,10733,Kent Jones,4,229,2
2009,105,0,10860,Justin Leonard,4,274,1
2009,105,0,26881,Jarrod Lyle,4,206,0
2009,105,0,24781,Hunter Mahan,4,277,0
2009,105,0,22961,David Mathis,4,253,1
2009,105,0,26596,Ryan Moore,4,280,1
2009,105,0,22046,Geoff Ogilvy,4,226,0
2009,105,0,28475,Jeff Overton,4,291,1
2009,105,0,20572,Rod Pampling,4,226,0
2009,105,0,1928,Corey Pavin,4,230,3
2009,105,0,1948,Tim Petrovic,4,309,1
2009,105,0,25818,Scott Piercy,4,278,2
2009,105,0,25190,Jeff Quinney,4,256,2
2009,105,0,26476,Chez Reavie,4,248,1
2009,105,0,22405,Justin Rose,4,212,0
2009,105,0,22293,Heath Slocum,4,278,1
2009,105,0,27649,Brandt Snedeker,4,251,2
2009,105,0,22295,Darron Stiles,4,165,2
2009,105,0,25919,Brian Vranesh,4,157,1
2009,105,0,26289,Boo Weekley,4,224,1
2009,105,0,10425,Jay Williamson,4,215,2
2009,105,0,26497,Casey Wittenberg,4,223,1
2009,135,0,23048,Eric Axley,3,230,1
2009,135,0,20593,Greg Chalmers,3,256,1
2009,135,0,22621,Ben Curtis,3,206,0
2009,135,0,8931,Glen Day,3,247,1
2009,135,0,10809,Jim Furyk,3,259,2
2009,135,0,6643,Paul Goydos,3,233,1
2009,135,0,23718,Nathan Green,3,313,0
2009,135,0,27141,J.B. Holmes,3,233,0
2009,135,0,21961,Charles Howell III,3,307,2
2009,135,0,21350,Ryuji Imada,3,266,1
2009,135,0,1577,Lee Janzen,3,234,0
2009,135,0,30711,Colt Knost,3,225,0
2009,135,0,23108,Matt Kuchar,3,265,0
2009,135,0,27466,Spencer Levin,3,233,1
2009,135,0,1724,Jeff Maggert,3,240,0
2009,135,0,24449,Parker McLachlin,3,237,0
2009,135,0,24502,Adam Scott,3,156,1
2009,135,0,6567,Vijay Singh,3,205,1
2009,135,0,30927,Brendon Todd,3,161,2
2009,135,0,23349,Charles Warren,3,211,0
2009,155,0,20098,Stuart Appleby,2,242,1
2009,155,0,1035,Tommy Armour III,2,186,0
2009,155,0,1132,Mark Brooks,2,176,0
2009,155,0,20848,Ángel Cabrera,2,156,0
2009,155,0,23638,Brendon de Jonge,2,287,0
2009,155,0,23983,Luke Donald,2,236,1
2009,155,0,1329,Brad Faxon,2,186,0
2009,155,0,25900,Lucas Glover,2,276,1
2009,155,0,26420,Richard Johnson,2,259,0
2009,155,0,12705,Cliff Kresge,2,236,1
2009,155,0,20634,Peter Lonard,2,261,1
2009,155,0,24912,Will MacKenzie,2,226,0
2009,155,0,6539,Rick Price,2,183,1
2009,155,0,22548,Patrick Sheehan,2,161,1
2009,155,0,26668,Marc Turnesa,2,233,0
2009,155,0,12602,Dean Wilson,2,261,1
2009,155,0,31323,Gary Woodland,2,156,0
2009,172,0,7223,Brian Bateman,1,176,0
2009,172,0,1142,Bart Bryant,1,169,0
2009,172,0,1161,Mark Calcavecchia,1,228,0
2009,172,0,24357,K.J. Choi,1,215,0
2009,172,0,6621,Joe Durant,1,205,0
2009,172,0,19846,Brian Gay,1,276,0
2009,172,0,10117,Bob Heintz,1,181,0
2009,172,0,24503,Jeff Klauk,1,311,0
2009,172,0,1677,Tom Lehman,1,163,0
2009,172,0,24138,Ian Poulter,1,178,1
2009,172,0,8845,Scott Sterling,1,159,0
2008,1,0,20378,Mathias Grönberg,14,285,3
2008,2,0,12510,Chad Campbell,12,275,3
2008,3,0,20229,Stewart Cink,11,267,0
2008,3,0,24361,Pat Perez,11,281,4
2008,3,0,27214,Kevin Streelman,11,348,2
2008,6,0,6197,Michael Allen,10,310,2
2008,6,0,26300,Matt Jones,10,306,0
2008,6,0,27963,Chris Stroud,10,267,2
2008,6,0,23349,Charles Warren,10,265,4
2008,6,0,27095,Nick Watney,10,321,2
2008,6,0,20160,Charlie Wi,10,288,2
2008,12,0,23048,Eric Axley,9,355,0
2008,12,0,29718,Anthony Kim,9,227,1
2008,12,0,27936,Martin Laird,9,306,1
2008,12,0,11032,Frank Lickliter II,9,335,1
2008,12,0,24490,George McNeill,9,303,2
2008,12,0,2002,John Riegger,9,233,1
2008,12,0,28780,Nicholas Thompson,9,355,2
2008,12,0,24663,Y.E. Yang,9,287,2
2008,20,0,20850,Daniel Chopra,8,276,3
2008,20,0,6621,Joe Durant,8,291,2
2008,20,0,7457,Steve Flesch,8,309,0
2008,20,0,24924,Bill Haas,8,313,2
2008,20,0,30925,Dustin Johnson,8,295,1
2008,20,0,27933,John Merrick,8,302,1
2008,20,0,25396,Kevin Na,8,318,4
2008,20,0,24140,Sean O'Hair,8,228,1
2008,20,0,20663,Brenden Pappas,8,209,2
2008,20,0,1941,Tom Pernice Jr.,8,309,1
2008,20,0,25345,Carl Pettersson,8,335,3
2008,20,0,22913,John Rollins,8,307,1
2008,20,0,26679,Kevin Stadler,8,292,4
2008,33,0,22371,Aaron Baddeley,7,229,0
2008,33,0,24227,Justin Bolli,7,289,1
2008,33,0,27561,Nick Flanagan,7,285,1
2008,33,0,22892,Jason Gore,7,309,2
2008,33,0,20433,Mark Hensby,7,238,1
2008,33,0,27141,J.B. Holmes,7,265,0
2008,33,0,21961,Charles Howell III,7,329,1
2008,33,0,23108,Matt Kuchar,7,274,4
2008,33,0,1706,Davis Love III,7,239,0
2008,33,0,1707,Steve Lowery,7,231,2
2008,33,0,28158,Steve Marino,7,353,1
2008,33,0,7749,Brett Quigley,7,262,4
2008,33,0,23788,D.J. Trahan,7,288,2
2008,33,0,23623,Bo Van Pelt,7,317,0
2008,33,0,25804,Bubba Watson,7,295,0
2008,48,0,23778,Brad Adamonis,6,272,3
2008,48,0,23614,Rich Beem,6,291,0
2008,48,0,24925,Jonathan Byrd,6,273,1
2008,48,0,28089,Jason Day,6,263,3
2008,48,0,10875,Todd Demsey,6,254,3
2008,48,0,20574,Mathew Goggin,6,288,3
2008,48,0,12716,Charley Hoffman,6,296,0
2008,48,0,23157,Richard Johnson,6,246,2
2008,48,0,26695,Michael Letzig,6,268,0
2008,48,0,24912,Will MacKenzie,6,202,0
2008,48,0,27120,Troy Matteson,6,309,0
2008,48,0,25842,Jon Mills,6,302,2
2008,48,0,20572,Rod Pampling,6,251,1
2008,48,0,23497,Tag Ridings,6,284,1
2008,48,0,6567,Vijay Singh,6,227,3
2008,48,0,27649,Brandt Snedeker,6,255,0
2008,48,0,12309,Bob Sowards,6,193,3
2008,48,0,27770,Camilo Villegas,6,224,0
2008,48,0,25632,Jimmy Walker,6,224,2
2008,48,0,10423,Mike Weir,6,272,2
2008,68,0,10885,Robert Allenby,5,337,2
2008,68,0,7867,Woody Austin,5,335,1
2008,68,0,21753,Brian Davis,5,338,2
2008,68,0,6251,Chris DiMarco,5,278,3
2008,68,0,12823,Carlos Franco,5,245,1
2008,68,0,30750,Tommy Gainey,5,190,0
2008,68,0,24358,Robert Garrigus,5,288,0
2008,68,0,25900,Lucas Glover,5,267,0
2008,68,0,20157,Retief Goosen,5,174,0
2008,68,0,24781,Hunter Mahan,5,255,0
2008,68,0,1766,Billy Mayfair,5,298,1
2008,68,0,24449,Parker McLachlin,5,279,1
2008,68,0,1797,Rocco Mediate,5,264,2
2008,68,0,1810,Phil Mickelson,5,238,1
2008,68,0,24502,Adam Scott,5,147,1
2008,68,0,20645,John Senden,5,280,2
2008,68,0,22548,Patrick Sheehan,5,384,1
2008,68,0,22293,Heath Slocum,5,323,1
2008,68,0,8845,Scott Sterling,5,288,2
2008,68,0,6527,Steve Stricker,5,210,4
2008,68,0,6595,Kevin Sutherland,5,294,2
2008,68,0,25349,Tim Wilkinson,5,312,0
2008,90,0,21633,Steve Allan,4,183,1
2008,90,0,19803,Ryan Armour,4,288,1
2008,90,0,20498,Briny Baird,4,345,0
2008,90,0,12652,Cameron Beckman,4,284,2
2008,90,0,1161,Mark Calcavecchia,4,206,2
2008,90,0,26500,Alejandro Cañizares,4,159,1
2008,90,0,25720,Chad Collins,4,225,1
2008,90,0,1226,Fred Couples,4,207,1
2008,90,0,1320,Bob Estes,4,284,1
2008,90,0,10809,Jim Furyk,4,287,2
2008,90,0,23353,J.J. Henry,4,334,2
2008,90,0,12782,Tim Herron,4,282,1
2008,90,0,24024,Zach Johnson,4,262,2
2008,90,0,10860,Justin Leonard,4,282,1
2008,90,0,6090,Jim McGovern,4,224,1
2008,90,0,28475,Jeff Overton,4,335,0
2008,90,0,25190,Jeff Quinney,4,280,1
2008,90,0,26476,Chez Reavie,4,305,1
2008,90,0,23621,Rory Sabbatini,4,226,0
2008,90,0,2223,Bob Tway,4,221,1
2008,90,0,26289,Boo Weekley,4,259,0
2008,90,0,19913,Ron Whittaker,4,173,1
2008,90,0,10425,Jay Williamson,4,300,1
2008,90,0,21878,Mark Wilson,4,327,0
2008,114,0,6004,Stephen Ames,3,244,2
2008,114,0,1024,Billy Andrade,3,224,2
2008,114,0,20098,Stuart Appleby,3,248,1
2008,114,0,1142,Bart Bryant,3,237,2
2008,114,0,20848,Ángel Cabrera,3,154,1
2008,114,0,23135,Tim Clark,3,251,0
2008,114,0,23541,Ben Crane,3,263,0
2008,114,0,22621,Ben Curtis,3,234,0
2008,114,0,6034,Marco Dawson,3,211,2
2008,114,0,23409,James Driscoll,3,281,1
2008,114,0,9011,David Duval,3,176,1
2008,114,0,21461,Kenneth Ferrie,3,243,0
2008,114,0,1388,Robert Gamez,3,248,0
2008,114,0,21209,Sergio Garcia,3,192,1
2008,114,0,23718,Nathan Green,3,307,0
2008,114,0,1473,Todd Hamilton,3,297,1
2008,114,0,21731,Freddie Jacobson,3,229,1
2008,114,0,6573,Brandt Jobe,3,160,0
2008,114,0,12705,Cliff Kresge,3,255,2
2008,114,0,1677,Tom Lehman,3,157,0
2008,114,0,20634,Peter Lonard,3,273,0
2008,114,0,1724,Jeff Maggert,3,276,0
2008,114,0,26596,Ryan Moore,3,237,0
2008,114,0,21949,Joe Ogilvie,3,314,0
2008,114,0,22046,Geoff Ogilvy,3,198,1
2008,114,0,23320,Ryan Palmer,3,215,1
2008,114,0,20443,Jin Park,3,284,0
2008,114,0,21959,Ted Purdy,3,219,3
2008,114,0,25562,Andres Romero,3,197,2
2008,114,0,10649,Tom Scherrer,3,194,0
2008,114,0,2206,David Toms,3,196,1
2008,114,0,12602,Dean Wilson,3,335,1
2008,146,0,10505,Shane Bertsch,2,300,1
2008,146,0,25364,Paul Casey,2,158,0
2008,146,0,20623,Gavin Coles,2,172,1
2008,146,0,6522,Ernie Els,2,140,1
2008,146,0,19846,Brian Gay,2,298,1
2008,146,0,20105,Jeff Gove,2,154,0
2008,146,0,6643,Paul Goydos,2,240,0
2008,146,0,20766,Padraig Harrington,2,149,0
2008,146,0,6575,Dudley Hart,2,227,0
2008,146,0,1553,John Huston,2,189,0
2008,146,0,22378,Trevor Immelman,2,192,1
2008,146,0,26420,Richard Johnson,2,170,0
2008,146,0,10733,Kent Jones,2,224,0
2008,146,0,7547,Craig Kanada,2,199,0
2008,146,0,6012,Greg Kraft,2,205,0
2008,146,0,1945,Kenny Perry,2,288,1
2008,146,0,1948,Tim Petrovic,2,314,1
2008,146,0,20127,Chris Riley,2,167,1
2008,146,0,22582,Kyle Thompson,2,230,0
2008,146,0,26668,Marc Turnesa,2,280,0
2008,146,0,8385,Omar Uresti,2,244,0
2008,146,0,2239,Scott Verplank,2,237,1
2008,146,0,26951,Johnson Wagner,2,266,0
2008,169,0,23540,Jason Allred,1,200,1
2008,169,0,1035,Tommy Armour III,1,232,0
2008,169,0,20472,Alex Cejka,1,236,0
2008,169,0,12826,Paul Claxton,1,207,0
2008,169,0,8931,Glen Day,1,189,0
2008,169,0,20104,Ken Duke,1,362,0
2008,169,0,1313,Steve Elkington,1,271,0
2008,169,0,21805,Harrison Frazar,1,233,1
2008,169,0,26631,Cody Freeman,1,215,0
2008,169,0,8537,J.P. Hayes,1,209,0
2008,169,0,21350,Ryuji Imada,1,260,1
2008,169,0,1577,Lee Janzen,1,300,0
2008,169,0,8075,Jerry Kelly,1,266,0
2008,169,0,22806,Doug LaBelle II,1,189,0
2008,169,0,27613,David Lutterus,1,181,0
2008,169,0,27060,John Mallinger,1,282,0
2008,169,0,12680,Shigeki Maruyama,1,157,1
2008,169,0,12660,Jesper Parnevik,1,273,0
2008,169,0,1928,Corey Pavin,1,199,0
2008,169,0,25594,Travis Perkins,1,179,0
2008,169,0,24138,Ian Poulter,1,143,0
2008,169,0,23797,Brett Rumford,1,230,0
2007,1,0,24140,Sean O'Hair,15,303,3
2007,1,0,23349,Charles Warren,15,325,5
2007,3,0,24924,Bill Haas,13,300,1
2007,4,0,24912,Will MacKenzie,12,312,4
2007,5,0,7457,Steve Flesch,11,310,4
2007,5,0,24358,Robert Garrigus,11,313,1
2007,5,0,20572,Rod Pampling,11,264,2
2007,5,0,6567,Vijay Singh,11,295,0
2007,5,0,12714,Chris Tidland,11,195,0
2007,5,0,23322,Brett Wetterich,11,261,1
2007,11,0,23048,Eric Axley,10,341,3
2007,11,0,21805,Harrison Frazar,10,285,0
2007,11,0,23718,Nathan Green,10,320,2
2007,11,0,20378,Mathias Grönberg,10,314,2
2007,11,0,21470,Daisuke Maruyama,10,270,1
2007,11,0,1810,Phil Mickelson,10,216,3
2007,11,0,20691,Greg Owen,10,267,2
2007,11,0,24361,Pat Perez,10,228,2
2007,11,0,8793,Tiger Woods,10,176,1
2007,20,0,6197,Michael Allen,9,240,1
2007,20,0,23614,Rich Beem,9,277,0
2007,20,0,6251,Chris DiMarco,9,235,3
2007,20,0,25686,Jason Dufner,9,319,2
2007,20,0,20105,Jeff Gove,9,341,3
2007,20,0,22913,John Rollins,9,307,2
2007,20,0,22295,Darron Stiles,9,208,2
2007,20,0,27095,Nick Watney,9,277,2
2007,28,0,24290,D.J. Brigman,8,215,1
2007,28,0,21753,Brian Davis,8,327,3
2007,28,0,20574,Mathew Goggin,8,308,1
2007,28,0,22892,Jason Gore,8,285,1
2007,28,0,21961,Charles Howell III,8,266,0
2007,28,0,8881,Tripp Isenhour,8,273,1
2007,28,0,10733,Kent Jones,8,327,1
2007,28,0,28158,Steve Marino,8,343,1
2007,28,0,25396,Kevin Na,8,276,3
2007,28,0,21949,Joe Ogilvie,8,319,1
2007,28,0,1948,Tim Petrovic,8,329,4
2007,28,0,25345,Carl Pettersson,8,343,1
2007,28,0,28486,Michael Putnam,8,298,0
2007,28,0,26679,Kevin Stadler,8,315,0
2007,28,0,2214,Kirk Triplett,8,267,2
2007,28,0,25804,Bubba Watson,8,264,1
2007,44,0,21633,Steve Allan,7,199,3
2007,44,0,10885,Robert Allenby,7,263,0
2007,44,0,24507,Jason Bohn,7,177,1
2007,44,0,8123,Jeff Brehaut,7,196,0
2007,44,0,1161,Mark Calcavecchia,7,284,1
2007,44,0,20229,Stewart Cink,7,262,2
2007,44,0,1249,John Daly,7,183,1
2007,44,0,20104,Ken Duke,7,365,1
2007,44,0,6522,Ernie Els,7,168,1
2007,44,0,1388,Robert Gamez,7,283,0
2007,44,0,25900,Lucas Glover,7,321,0
2007,44,0,12705,Cliff Kresge,7,330,2
2007,44,0,11032,Frank Lickliter II,7,296,2
2007,44,0,26881,Jarrod Lyle,7,246,1
2007,44,0,24781,Hunter Mahan,7,262,1
2007,44,0,27060,John Mallinger,7,309,3
2007,44,0,27120,Troy Matteson,7,270,1
2007,44,0,24490,George McNeill,7,304,1
2007,44,0,26596,Ryan Moore,7,295,0
2007,44,0,28475,Jeff Overton,7,198,2
2007,44,0,1941,Tom Pernice Jr.,7,323,1
2007,44,0,7749,Brett Quigley,7,241,1
2007,44,0,25190,Jeff Quinney,7,300,0
2007,44,0,21660,Jason Schultz,7,206,1
2007,44,0,22293,Heath Slocum,7,301,0
2007,44,0,2246,Duffy Waldorf,7,237,0
2007,44,0,10423,Mike Weir,7,243,2
2007,71,0,1024,Billy Andrade,6,295,2
2007,71,0,1035,Tommy Armour III,6,271,2
2007,71,0,20498,Briny Baird,6,369,2
2007,71,0,24925,Jonathan Byrd,6,229,1
2007,71,0,12510,Chad Campbell,6,266,2
2007,71,0,23135,Tim Clark,6,192,1
2007,71,0,23638,Brendon de Jonge,6,250,1
2007,71,0,21209,Sergio Garcia,6,192,1
2007,71,0,24980,Scott Gutschewski,6,218,1
2007,71,0,21350,Ryuji Imada,6,338,2
2007,71,0,8075,Jerry Kelly,6,294,1
2007,71,0,22806,Doug LaBelle II,6,327,2
2007,71,0,1707,Steve Lowery,6,249,1
2007,71,0,12680,Shigeki Maruyama,6,259,4
2007,71,0,1766,Billy Mayfair,6,296,1
2007,71,0,22046,Geoff Ogilvy,6,226,1
2007,71,0,23320,Ryan Palmer,6,300,2
2007,71,0,21959,Ted Purdy,6,333,1
2007,71,0,23497,Tag Ridings,6,182,0
2007,71,0,23621,Rory Sabbatini,6,237,0
2007,71,0,20645,John Senden,6,307,0
2007,71,0,23325,Vaughn Taylor,6,281,1
2007,71,0,27770,Camilo Villegas,6,247,1
2007,71,0,26951,Johnson Wagner,6,323,1
2007,71,0,26289,Boo Weekley,6,298,0
2007,71,0,25892,Steve Wheatcroft,6,247,1
2007,71,0,20160,Charlie Wi,6,297,1
2007,98,0,19803,Ryan Armour,5,339,1
2007,98,0,22371,Aaron Baddeley,5,241,1
2007,98,0,12652,Cameron Beckman,5,318,1
2007,98,0,20472,Alex Cejka,5,260,4
2007,98,0,21806,Paul Gow,5,229,2
2007,98,0,1473,Todd Hamilton,5,247,0
2007,98,0,27702,Matt Hendrix,5,212,0
2007,98,0,23353,J.J. Henry,5,251,0
2007,98,0,12716,Charley Hoffman,5,317,2
2007,98,0,27141,J.B. Holmes,5,229,1
2007,98,0,24024,Zach Johnson,5,229,0
2007,98,0,29718,Anthony Kim,5,279,1
2007,98,0,20382,Stephen Leaney,5,260,2
2007,98,0,22212,Craig Lile,5,250,0
2007,98,0,20634,Peter Lonard,5,259,3
2007,98,0,1724,Jeff Maggert,5,256,2
2007,98,0,24449,Parker McLachlin,5,274,0
2007,98,0,12660,Jesper Parnevik,5,285,0
2007,98,0,24502,Adam Scott,5,208,1
2007,98,0,2223,Bob Tway,5,330,0
2007,98,0,23623,Bo Van Pelt,5,316,1
2007,119,0,7867,Woody Austin,4,289,3
2007,119,0,23613,Rich Barcelo,4,262,0
2007,119,0,21646,David Branshaw,4,273,0
2007,119,0,25273,Andrew Buckle,4,232,1
2007,119,0,1157,Tom Byrum,4,163,3
2007,119,0,11123,Chris Couch,4,244,1
2007,119,0,22621,Ben Curtis,4,237,1
2007,119,0,8931,Glen Day,4,268,1
2007,119,0,8537,J.P. Hayes,4,294,1
2007,119,0,10117,Bob Heintz,4,273,0
2007,119,0,1577,Lee Janzen,4,225,0
2007,119,0,12195,Tom Johnson,4,247,1
2007,119,0,1677,Tom Lehman,4,183,1
2007,119,0,1797,Rocco Mediate,4,232,4
2007,119,0,27933,John Merrick,4,294,0
2007,119,0,29476,Kyle Reifers,4,234,0
2007,119,0,22405,Justin Rose,4,163,3
2007,119,0,2036,Jim Rutledge,4,193,2
2007,119,0,27649,Brandt Snedeker,4,312,1
2007,119,0,27963,Chris Stroud,4,214,1
2007,119,0,23788,D.J. Trahan,4,313,0
2007,119,0,2239,Scott Verplank,4,230,1
2007,119,0,21878,Mark Wilson,4,269,0
2007,142,0,6004,Stephen Ames,3,216,0
2007,142,0,19824,Craig Barlow,3,179,1
2007,142,0,1142,Bart Bryant,3,278,1
2007,142,0,20850,Daniel Chopra,3,357,1
2007,142,0,6034,Marco Dawson,3,234,0
2007,142,0,6621,Joe Durant,3,271,0
2007,142,0,1320,Bob Estes,3,277,1
2007,142,0,20766,Padraig Harrington,3,183,0
2007,142,0,26420,Richard Johnson,3,292,2
2007,142,0,7547,Craig Kanada,3,353,3
2007,142,0,23108,Matt Kuchar,3,270,0
2007,142,0,10860,Justin Leonard,3,284,1
2007,142,0,1928,Corey Pavin,3,256,2
2007,142,0,1945,Kenny Perry,3,254,0
2007,142,0,10213,Dicky Pride,3,228,1
2007,142,0,20127,Chris Riley,3,196,0
2007,142,0,26882,Michael Sim,3,170,2
2007,142,0,2101,Joey Sindelar,3,256,0
2007,142,0,6527,Steve Stricker,3,232,0
2007,142,0,6595,Kevin Sutherland,3,275,0
2007,142,0,2206,David Toms,3,225,0
2007,163,0,20098,Stuart Appleby,2,220,0
2007,163,0,7223,Brian Bateman,2,169,0
2007,163,0,24357,K.J. Choi,2,256,0
2007,163,0,23983,Luke Donald,2,197,0
2007,163,0,1381,Fred Funk,2,183,0
2007,163,0,10809,Jim Furyk,2,247,0
2007,163,0,19846,Brian Gay,2,342,1
2007,163,0,20157,Retief Goosen,2,138,0
2007,163,0,20859,Anders Hansen,2,159,0
2007,163,0,20433,Mark Hensby,2,263,1
2007,163,0,12782,Tim Herron,2,290,0
2007,163,0,21731,Freddie Jacobson,2,222,0
2007,163,0,1706,Davis Love III,2,195,0
2007,163,0,6515,Shaun Micheel,2,284,0
2007,163,0,22348,Nick O'Hern,2,194,0
2007,163,0,6373,José María Olazábal,2,161,1
2007,163,0,24138,Ian Poulter,2,181,1
2007,163,0,21528,Henrik Stenson,2,146,0
2007,163,0,24457,Jaco Van Zyl,2,178,0
2007,163,0,12602,Dean Wilson,2,286,0
2007,183,0,23933,Michael Boyd,1,206,0
2007,183,0,1132,Mark Brooks,1,169,0
2007,183,0,20623,Gavin Coles,1,282,0
2007,183,0,6643,Paul Goydos,1,176,1
2007,183,0,22378,Trevor Immelman,1,208,0
2007,183,0,23800,Bryce Molder,1,190,0
2007,183,0,2104,Jeff Sluman,1,192,0
2007,183,0,8375,Paul Stankowski,1,174,0
2006,1,0,27141,J.B. Holmes,18,257,1
2006,2,0,21959,Ted Purdy,13,357,2
2006,3,0,20850,Daniel Chopra,12,381,2
2006,3,0,22892,Jason Gore,12,295,2
2006,3,0,24912,Will MacKenzie,12,303,1
2006,3,0,22913,John Rollins,12,320,3
2006,3,0,6567,Vijay Singh,12,333,2
2006,8,0,12716,Charley Hoffman,11,336,2
2006,8,0,24140,Sean O'Hair,11,336,1
2006,8,0,1941,Tom Pernice Jr.,11,335,3
2006,8,0,6595,Kevin Sutherland,11,331,3
2006,8,0,23349,Charles Warren,11,305,3
2006,13,0,10885,Robert Allenby,10,259,1
2006,13,0,7457,Steve Flesch,10,387,2
2006,13,0,1553,John Huston,10,243,4
2006,13,0,21470,Daisuke Maruyama,10,270,4
2006,13,0,27120,Troy Matteson,10,345,2
2006,13,0,1766,Billy Mayfair,10,312,2
2006,13,0,12660,Jesper Parnevik,10,295,2
2006,13,0,27770,Camilo Villegas,10,305,1
2006,13,0,25804,Bubba Watson,10,276,1
2006,13,0,8793,Tiger Woods,10,182,0
2006,23,0,6004,Stephen Ames,9,219,1
2006,23,0,21407,Arjun Atwal,9,321,3
2006,23,0,19824,Craig Barlow,9,257,1
2006,23,0,21646,David Branshaw,9,344,3
2006,23,0,8835,Kris Cox,9,273,1
2006,23,0,6621,Joe Durant,9,351,2
2006,23,0,12823,Carlos Franco,9,298,1
2006,23,0,21805,Harrison Frazar,9,313,1
2006,23,0,25900,Lucas Glover,9,349,2
2006,23,0,24924,Bill Haas,9,329,3
2006,23,0,10733,Kent Jones,9,341,3
2006,23,0,8075,Jerry Kelly,9,346,2
2006,23,0,1707,Steve Lowery,9,334,2
2006,23,0,1810,Phil Mickelson,9,250,0
2006,23,0,23623,Bo Van Pelt,9,346,2
2006,38,0,23048,Eric Axley,8,302,1
2006,38,0,1042,Paul Azinger,8,290,0
2006,38,0,24507,Jason Bohn,8,357,0
2006,38,0,12510,Chad Campbell,8,284,2
2006,38,0,24980,Scott Gutschewski,8,179,3
2006,38,0,12782,Tim Herron,8,262,2
2006,38,0,21350,Ryuji Imada,8,342,2
2006,38,0,6573,Brandt Jobe,8,300,1
2006,38,0,6515,Shaun Micheel,8,319,1
2006,38,0,20628,Arron Oberholser,8,245,2
2006,38,0,22046,Geoff Ogilvy,8,236,1
2006,38,0,6373,José María Olazábal,8,203,1
2006,38,0,24502,Adam Scott,8,212,1
2006,38,0,22548,Patrick Sheehan,8,337,0
2006,38,0,23788,D.J. Trahan,8,301,3
2006,38,0,23322,Brett Wetterich,8,279,0
2006,38,0,12602,Dean Wilson,8,365,1
2006,55,0,6197,Michael Allen,7,295,0
2006,55,0,7867,Woody Austin,7,356,0
2006,55,0,22371,Aaron Baddeley,7,251,2
2006,55,0,22946,Henrik Bjornstad,7,316,0
2006,55,0,1142,Bart Bryant,7,275,1
2006,55,0,9011,David Duval,7,226,1
2006,55,0,24358,Robert Garrigus,7,287,1
2006,55,0,20157,Retief Goosen,7,212,1
2006,55,0,20378,Mathias Grönberg,7,306,0
2006,55,0,23353,J.J. Henry,7,312,2
2006,55,0,21961,Charles Howell III,7,315,3
2006,55,0,22378,Trevor Immelman,7,274,0
2006,55,0,1666,Bernhard Langer,7,253,0
2006,55,0,10860,Justin Leonard,7,248,2
2006,55,0,11032,Frank Lickliter II,7,329,1
2006,55,0,1706,Davis Love III,7,268,1
2006,55,0,20631,David McKenzie,7,269,0
2006,55,0,21949,Joe Ogilvie,7,305,0
2006,55,0,25345,Carl Pettersson,7,305,0
2006,55,0,20645,John Senden,7,320,0
2006,55,0,2106,Chris Smith,7,229,3
2006,55,0,23325,Vaughn Taylor,7,292,3
2006,55,0,2223,Bob Tway,7,262,2
2006,55,0,27095,Nick Watney,7,335,1
2006,79,0,20098,Stuart Appleby,6,268,3
2006,79,0,25936,Alex Aragon,6,206,0
2006,79,0,23614,Rich Beem,6,288,1
2006,79,0,10505,Shane Bertsch,6,350,3
2006,79,0,20229,Stewart Cink,6,268,0
2006,79,0,1226,Fred Couples,6,166,2
2006,79,0,23541,Ben Crane,6,274,2
2006,79,0,26360,Bubba Dickerson,6,323,1
2006,79,0,23983,Luke Donald,6,205,3
2006,79,0,23409,James Driscoll,6,263,1
2006,79,0,6522,Ernie Els,6,212,1
2006,79,0,1320,Bob Estes,6,278,1
2006,79,0,20574,Mathew Goggin,6,235,0
2006,79,0,23718,Nathan Green,6,343,2
2006,79,0,6575,Dudley Hart,6,262,0
2006,79,0,24024,Zach Johnson,6,282,2
2006,79,0,20572,Rod Pampling,6,273,2
2006,79,0,25240,D.A. Points,6,269,0
2006,79,0,7749,Brett Quigley,6,343,1
2006,79,0,7013,Wes Short Jr.,6,314,0
2006,79,0,2101,Joey Sindelar,6,312,0
2006,79,0,22293,Heath Slocum,6,317,0
2006,79,0,8375,Paul Stankowski,6,231,0
2006,79,0,23307,Roger Tambellini,6,211,2
2006,79,0,28780,Nicholas Thompson,6,313,0
2006,79,0,2206,David Toms,6,222,1
2006,79,0,12755,Vance Veazey,6,205,0
2006,106,0,1024,Billy Andrade,5,251,2
2006,106,0,20498,Briny Baird,5,263,1
2006,106,0,7223,Brian Bateman,5,211,2
2006,106,0,8123,Jeff Brehaut,5,337,0
2006,106,0,1139,Olin Browne,5,341,1
2006,106,0,24925,Jonathan Byrd,5,239,1
2006,106,0,24357,K.J. Choi,5,296,1
2006,106,0,21753,Brian Davis,5,309,2
2006,106,0,1381,Fred Funk,5,339,2
2006,106,0,21209,Sergio Garcia,5,197,0
2006,106,0,19846,Brian Gay,5,358,3
2006,106,0,12645,Brent Geiberger,5,314,0
2006,106,0,1473,Todd Hamilton,5,248,1
2006,106,0,20094,Jonathan Kaye,5,309,1
2006,106,0,1677,Tom Lehman,5,195,0
2006,106,0,24781,Hunter Mahan,5,321,0
2006,106,0,12680,Shigeki Maruyama,5,299,0
2006,106,0,23320,Ryan Palmer,5,331,4
2006,106,0,24361,Pat Perez,5,183,1
2006,106,0,1945,Kenny Perry,5,213,2
2006,106,0,23497,Tag Ridings,5,337,2
2006,106,0,23621,Rory Sabbatini,5,268,0
2006,128,0,20472,Alex Cejka,4,303,0
2006,128,0,1249,John Daly,4,182,0
2006,128,0,19881,Robert Damron,4,311,2
2006,128,0,20121,Todd Fischer,4,346,2
2006,128,0,21731,Freddie Jacobson,4,189,0
2006,128,0,26420,Richard Johnson,4,314,1
2006,128,0,10565,Ian Leggatt,4,258,1
2006,128,0,25842,Jon Mills,4,223,3
2006,128,0,26596,Ryan Moore,4,213,0
2006,128,0,28475,Jeff Overton,4,302,1
2006,128,0,20691,Greg Owen,4,287,0
2006,128,0,21660,Jason Schultz,4,256,1
2006,128,0,2110,Jerry Smith,4,309,1
2006,128,0,6527,Steve Stricker,4,205,2
2006,128,0,2239,Scott Verplank,4,298,0
2006,128,0,2246,Duffy Waldorf,4,321,0
2006,128,0,10423,Mike Weir,4,296,2
2006,128,0,21878,Mark Wilson,4,266,0
2006,146,0,1161,Mark Calcavecchia,3,316,0
2006,146,0,20593,Greg Chalmers,3,222,3
2006,146,0,23135,Tim Clark,3,282,1
2006,146,0,23673,Michael Connell,3,162,1
2006,146,0,1219,John Cook,3,223,0
2006,146,0,11123,Chris Couch,3,255,1
2006,146,0,6034,Marco Dawson,3,306,1
2006,146,0,6251,Chris DiMarco,3,260,0
2006,146,0,1313,Steve Elkington,3,173,0
2006,146,0,25935,John Engler Jr.,3,230,1
2006,146,0,27943,Matt Hansen,3,218,0
2006,146,0,23616,Ryan Hietala,3,198,0
2006,146,0,1577,Lee Janzen,3,275,0
2006,146,0,12662,Thomas Levet,3,168,1
2006,146,0,1685,J.L. Lewis,3,199,1
2006,146,0,1724,Jeff Maggert,3,272,1
2006,146,0,6350,Bob May,3,214,2
2006,146,0,1823,Larry Mize,3,181,2
2006,146,0,1948,Tim Petrovic,3,313,1
2006,146,0,20127,Chris Riley,3,278,1
2006,146,0,22405,Justin Rose,3,315,0
2006,146,0,8385,Omar Uresti,3,192,2
2006,146,0,20812,Tjaart van der Walt,3,188,1
2006,169,0,1132,Mark Brooks,2,311,1
2006,169,0,22621,Ben Curtis,2,279,1
2006,169,0,12760,Danny Ellis,2,218,2
2006,169,0,1329,Brad Faxon,2,263,0
2006,169,0,1388,Robert Gamez,2,305,0
2006,169,0,20105,Jeff Gove,2,300,0
2006,169,0,20766,Padraig Harrington,2,172,0
2006,169,0,1599,Steve Jones,2,275,1
2006,169,0,1619,Skip Kendall,2,250,0
2006,169,0,6012,Greg Kraft,2,250,1
2006,169,0,20382,Stephen Leaney,2,284,0
2006,169,0,1761,Len Mattiace,2,200,0
2006,169,0,2104,Jeff Sluman,2,347,1
2006,169,0,11011,Mike Sposa,2,220,0
2006,169,0,20548,Hidemichi Tanaka,2,249,0
2006,169,0,2214,Kirk Triplett,2,194,0
2006,169,0,25632,Jimmy Walker,2,184,1
2006,169,0,19913,Ron Whittaker,2,262,0
2006,187,0,1035,Tommy Armour III,1,218,0
2006,187,0,20099,Doug Barron,1,245,0
2006,187,0,10809,Jim Furyk,1,284,0
2006,187,0,6643,Paul Goydos,1,245,0
2006,187,0,8537,J.P. Hayes,1,188,0
2006,187,0,20608,David Howell,1,155,0
2006,187,0,20634,Peter Lonard,1,236,0
2006,187,0,1928,Corey Pavin,1,218,0
2006,187,0,24138,Ian Poulter,1,180,0
2005,1,0,26679,Kevin Stadler,17,328,0
2005,2,0,23788,D.J. Trahan,16,260,3
2005,3,0,1766,Billy Mayfair,15,363,2
2005,3,0,21951,Joey Snyder III,15,330,2
2005,5,0,21753,Brian Davis,13,269,1
2005,5,0,21805,Harrison Frazar,13,343,1
2005,7,0,7223,Brian Bateman,12,320,1
2005,7,0,24507,Jason Bohn,12,295,4
2005,7,0,24980,Scott Gutschewski,12,274,2
2005,7,0,1707,Steve Lowery,12,334,1
2005,11,0,22371,Aaron Baddeley,11,279,1
2005,11,0,25900,Lucas Glover,11,294,2
2005,11,0,20378,Mathias Grönberg,11,187,3
2005,11,0,21961,Charles Howell III,11,294,1
2005,11,0,24140,Sean O'Hair,11,313,1
2005,11,0,21949,Joe Ogilvie,11,330,0
2005,11,0,20663,Brenden Pappas,11,173,0
2005,11,0,22913,John Rollins,11,310,5
2005,19,0,20502,Michael Long,10,230,2
2005,19,0,1706,Davis Love III,10,236,3
2005,19,0,25240,D.A. Points,10,308,1
2005,19,0,6567,Vijay Singh,10,349,0
2005,19,0,23623,Bo Van Pelt,10,377,2
2005,24,0,10885,Robert Allenby,9,294,1
2005,24,0,7867,Woody Austin,9,326,2
2005,24,0,1142,Bart Bryant,9,277,0
2005,24,0,24925,Jonathan Byrd,9,328,0
2005,24,0,1226,Fred Couples,9,224,0
2005,24,0,23541,Ben Crane,9,210,3
2005,24,0,23409,James Driscoll,9,250,1
2005,24,0,12823,Carlos Franco,9,264,2
2005,24,0,24604,Hunter Haas,9,270,1
2005,24,0,12660,Jesper Parnevik,9,274,1
2005,24,0,23497,Tag Ridings,9,318,2
2005,24,0,20645,John Senden,9,336,1
2005,36,0,21633,Steve Allan,8,332,2
2005,36,0,19824,Craig Barlow,8,268,2
2005,36,0,23135,Tim Clark,8,269,2
2005,36,0,23063,Scott Hend,8,248,2
2005,36,0,20433,Mark Hensby,8,205,1
2005,36,0,6573,Brandt Jobe,8,296,0
2005,36,0,1666,Bernhard Langer,8,216,1
2005,36,0,11032,Frank Lickliter II,8,331,4
2005,36,0,1941,Tom Pernice Jr.,8,362,1
2005,36,0,1948,Tim Petrovic,8,310,2
2005,36,0,2206,David Toms,8,238,1
2005,36,0,27095,Nick Watney,8,306,2
2005,36,0,23322,Brett Wetterich,8,248,0
2005,49,0,6197,Michael Allen,7,294,2
2005,49,0,23036,Chris Anderson,7,216,1
2005,49,0,1320,Bob Estes,7,285,0
2005,49,0,12645,Brent Geiberger,7,189,0
2005,49,0,6575,Dudley Hart,7,284,1
2005,49,0,26758,David Hearn,7,228,0
2005,49,0,12680,Shigeki Maruyama,7,305,2
2005,49,0,1797,Rocco Mediate,7,243,1
2005,49,0,6515,Shaun Micheel,7,268,1
2005,49,0,25396,Kevin Na,7,293,0
2005,49,0,22046,Geoff Ogilvy,7,303,0
2005,49,0,21959,Ted Purdy,7,382,1
2005,49,0,23621,Rory Sabbatini,7,233,0
2005,49,0,2104,Jeff Sluman,7,324,2
2005,49,0,2106,Chris Smith,7,327,0
2005,49,0,23325,Vaughn Taylor,7,335,1
2005,49,0,20160,Charlie Wi,7,229,1
2005,49,0,8793,Tiger Woods,7,234,0
2005,67,0,1035,Tommy Armour III,6,345,1
2005,67,0,21407,Arjun Atwal,6,213,2
2005,67,0,20498,Briny Baird,6,317,0
2005,67,0,1161,Mark Calcavecchia,6,284,0
2005,67,0,20850,Daniel Chopra,6,351,1
2005,67,0,1249,John Daly,6,244,2
2005,67,0,6251,Chris DiMarco,6,238,3
2005,67,0,7457,Steve Flesch,6,278,1
2005,67,0,10117,Bob Heintz,6,228,2
2005,67,0,23353,J.J. Henry,6,337,0
2005,67,0,1553,John Huston,6,288,0
2005,67,0,23725,Brendan Jones,6,268,0
2005,67,0,8075,Jerry Kelly,6,324,1
2005,67,0,20634,Peter Lonard,6,268,0
2005,67,0,1945,Kenny Perry,6,231,2
2005,67,0,22405,Justin Rose,6,324,2
2005,67,0,23349,Charles Warren,6,298,1
2005,67,0,10425,Jay Williamson,6,189,2
2005,85,0,23540,Jason Allred,5,247,1
2005,85,0,1024,Billy Andrade,5,290,0
2005,85,0,24357,K.J. Choi,5,223,0
2005,85,0,19881,Robert Damron,5,310,1
2005,85,0,10809,Jim Furyk,5,288,1
2005,85,0,20157,Retief Goosen,5,188,1
2005,85,0,20766,Padraig Harrington,5,153,1
2005,85,0,21731,Freddie Jacobson,5,226,0
2005,85,0,23552,Hank Kuehne,5,273,0
2005,85,0,6332,Neal Lancaster,5,326,1
2005,85,0,12662,Thomas Levet,5,165,0
2005,85,0,1685,J.L. Lewis,5,328,1
2005,85,0,1723,Andrew Magee,5,266,0
2005,85,0,24781,Hunter Mahan,5,330,0
2005,85,0,20691,Greg Owen,5,280,0
2005,85,0,1927,Dennis Paulson,5,222,0
2005,85,0,24138,Ian Poulter,5,173,1
2005,85,0,24502,Adam Scott,5,210,0
2005,85,0,22293,Heath Slocum,5,323,0
2005,85,0,21498,Hideto Tanihara,5,159,2
2005,85,0,12454,Mario Tiziani,5,219,0
2005,85,0,12602,Dean Wilson,5,292,2
2005,107,0,12652,Cameron Beckman,4,310,2
2005,107,0,8123,Jeff Brehaut,4,229,0
2005,107,0,12510,Chad Campbell,4,279,2
2005,107,0,20472,Alex Cejka,4,271,1
2005,107,0,20623,Gavin Coles,4,238,3
2005,107,0,22621,Ben Curtis,4,226,0
2005,107,0,6034,Marco Dawson,4,285,2
2005,107,0,6621,Joe Durant,4,271,0
2005,107,0,1329,Brad Faxon,4,228,0
2005,107,0,20121,Todd Fischer,4,333,1
2005,107,0,21209,Sergio Garcia,4,204,0
2005,107,0,8725,Tom Gillis,4,260,0
2005,107,0,10201,Matt Gogel,4,255,1
2005,107,0,8537,J.P. Hayes,4,208,1
2005,107,0,12782,Tim Herron,4,323,1
2005,107,0,21350,Ryuji Imada,4,261,1
2005,107,0,1577,Lee Janzen,4,249,0
2005,107,0,20094,Jonathan Kaye,4,254,2
2005,107,0,10585,Scott McCarron,4,254,0
2005,107,0,23320,Ryan Palmer,4,325,0
2005,107,0,1928,Corey Pavin,4,235,1
2005,107,0,10912,Craig Perks,4,220,0
2005,107,0,25345,Carl Pettersson,4,365,0
2005,107,0,20474,Phillip Price,4,259,0
2005,107,0,25847,Rob Rashell,4,212,0
2005,107,0,26287,Roland Thatcher,4,258,1
2005,107,0,2223,Bob Tway,4,268,0
2005,107,0,2239,Scott Verplank,4,263,0
2005,107,0,2246,Duffy Waldorf,4,279,1
2005,107,0,20396,Lee Westwood,4,138,1
2005,107,0,21878,Mark Wilson,4,248,1
2005,138,0,6004,Stephen Ames,3,240,0
2005,138,0,20098,Stuart Appleby,3,245,0
2005,138,0,1042,Paul Azinger,3,228,1
2005,138,0,24290,D.J. Brigman,3,232,1
2005,138,0,1139,Olin Browne,3,316,1
2005,138,0,1157,Tom Byrum,3,262,1
2005,138,0,12826,Paul Claxton,3,263,1
2005,138,0,8931,Glen Day,3,258,2
2005,138,0,23983,Luke Donald,3,165,0
2005,138,0,1361,Dan Forsman,3,175,1
2005,138,0,1381,Fred Funk,3,308,1
2005,138,0,1388,Robert Gamez,3,298,1
2005,138,0,1418,Bill Glasson,3,174,3
2005,138,0,1473,Todd Hamilton,3,308,0
2005,138,0,1599,Steve Jones,3,167,1
2005,138,0,20382,Stephen Leaney,3,297,1
2005,138,0,1677,Tom Lehman,3,210,1
2005,138,0,10860,Justin Leonard,3,219,1
2005,138,0,24912,Will MacKenzie,3,248,0
2005,138,0,20628,Arron Oberholser,3,199,0
2005,138,0,24361,Pat Perez,3,280,0
2005,138,0,22548,Patrick Sheehan,3,379,0
2005,138,0,22295,Darron Stiles,3,258,1
2005,138,0,6527,Steve Stricker,3,205,1
2005,138,0,6595,Kevin Sutherland,3,292,0
2005,138,0,20548,Hidemichi Tanaka,3,355,1
2005,138,0,8385,Omar Uresti,3,274,0
2005,165,0,23614,Rich Beem,2,202,0
2005,165,0,1132,Mark Brooks,2,247,0
2005,165,0,20229,Stewart Cink,2,288,0
2005,165,0,1219,John Cook,2,226,2
2005,165,0,28088,Matt Davidson,2,177,0
2005,165,0,6599,John Elliott,2,180,1
2005,165,0,21806,Paul Gow,2,244,0
2005,165,0,1457,Jay Haas,2,178,0
2005,165,0,1487,Jeff Hart,2,209,0
2005,165,0,10733,Kent Jones,2,334,0
2005,165,0,1619,Skip Kendall,2,271,1
2005,165,0,8993,Franklin Langham,2,291,1
2005,165,0,1761,Len Mattiace,2,282,0
2005,165,0,20572,Rod Pampling,2,261,0
2005,165,0,20127,Chris Riley,2,207,0
2005,180,0,20099,Doug Barron,1,245,0
2005,180,0,24227,Justin Bolli,1,215,1
2005,180,0,1127,Danny Briggs,1,235,1
2005,180,0,1175,Jim Carter,1,196,0
2005,180,0,19972,José Coceres,1,182,0
2005,180,0,1313,Steve Elkington,1,212,0
2005,180,0,19846,Brian Gay,1,329,0
2005,180,0,8545,Glen Hnatiuk,1,185,0
2005,180,0,26420,Richard Johnson,1,165,0
2005,180,0,23108,Matt Kuchar,1,197,1
2005,180,0,1724,Jeff Maggert,1,234,0
2005,180,0,1810,Phil Mickelson,1,234,0
2005,180,0,1823,Larry Mize,1,155,0
2005,180,0,1887,Mark O'Meara,1,240,1
2005,180,0,7749,Brett Quigley,1,320,0
2005,180,0,2101,Joey Sindelar,1,370,0
2005,180,0,2214,Kirk Triplett,1,177,0
2005,180,0,10423,Mike Weir,1,212,0
2004,1,0,22046,Geoff Ogilvy,16,319,2
2004,1,0,6567,Vijay Singh,16,369,5
2004,3,0,20645,John Senden,15,318,3
2004,4,0,2106,Chris Smith,14,371,2
2004,5,0,21805,Harrison Frazar,13,292,1
2004,5,0,23552,Hank Kuehne,13,303,1
2004,5,0,21959,Ted Purdy,13,384,1
2004,5,0,23325,Vaughn Taylor,13,281,6
2004,9,0,12652,Cameron Beckman,12,326,4
2004,9,0,1249,John Daly,12,272,3
2004,9,0,6332,Neal Lancaster,12,365,3
2004,12,0,12394,Tom Carter,11,373,1
2004,12,0,7457,Steve Flesch,11,364,1
2004,12,0,23063,Scott Hend,11,263,1
2004,12,0,1685,J.L. Lewis,11,360,5
2004,12,0,20572,Rod Pampling,11,323,2
2004,17,0,12760,Danny Ellis,10,273,0
2004,17,0,12823,Carlos Franco,10,340,0
2004,17,0,25900,Lucas Glover,10,312,1
2004,17,0,12705,Cliff Kresge,10,300,1
2004,17,0,20663,Brenden Pappas,10,377,1
2004,17,0,25345,Carl Pettersson,10,344,1
2004,17,0,23307,Roger Tambellini,10,272,3
2004,17,0,12602,Dean Wilson,10,347,4
2004,25,0,7223,Brian Bateman,9,277,0
2004,25,0,20378,Mathias Grönberg,9,314,3
2004,25,0,8337,Mike Heinen,9,185,0
2004,25,0,1577,Lee Janzen,9,282,1
2004,25,0,10733,Kent Jones,9,336,1
2004,25,0,20628,Arron Oberholser,9,267,0
2004,25,0,23320,Ryan Palmer,9,345,1
2004,25,0,1948,Tim Petrovic,9,364,1
2004,25,0,2246,Duffy Waldorf,9,252,0
2004,34,0,21633,Steve Allan,8,347,1
2004,34,0,1024,Billy Andrade,8,370,1
2004,34,0,19824,Craig Barlow,8,275,0
2004,34,0,23614,Rich Beem,8,269,0
2004,34,0,1161,Mark Calcavecchia,8,279,1
2004,34,0,20850,Daniel Chopra,8,361,2
2004,34,0,25686,Jason Dufner,8,270,1
2004,34,0,21209,Sergio Garcia,8,202,1
2004,34,0,1457,Jay Haas,8,274,2
2004,34,0,20433,Mark Hensby,8,314,2
2004,34,0,21961,Charles Howell III,8,351,2
2004,34,0,21731,Freddie Jacobson,8,278,1
2004,34,0,20382,Stephen Leaney,8,254,1
2004,34,0,1677,Tom Lehman,8,224,2
2004,34,0,1706,Davis Love III,8,253,2
2004,34,0,6515,Shaun Micheel,8,305,2
2004,34,0,7939,Dan Olsen,8,252,1
2004,34,0,1926,Steve Pate,8,248,3
2004,34,0,1928,Corey Pavin,8,258,1
2004,34,0,1968,Nick Price,8,158,1
2004,34,0,6613,Tommy Tolles,8,232,2
2004,34,0,2245,Grant Waite,8,274,2
2004,56,0,20098,Stuart Appleby,7,263,0
2004,56,0,1042,Paul Azinger,7,269,1
2004,56,0,1127,Danny Briggs,7,280,4
2004,56,0,24925,Jonathan Byrd,7,271,0
2004,56,0,12510,Chad Campbell,7,314,0
2004,56,0,11123,Chris Couch,7,192,3
2004,56,0,1226,Fred Couples,7,183,3
2004,56,0,6621,Joe Durant,7,292,1
2004,56,0,20121,Todd Fischer,7,342,1
2004,56,0,1619,Skip Kendall,7,341,1
2004,56,0,24781,Hunter Mahan,7,318,2
2004,56,0,1766,Billy Mayfair,7,363,0
2004,68,0,6197,Michael Allen,6,293,1
2004,68,0,22371,Aaron Baddeley,6,275,1
2004,68,0,24357,K.J. Choi,6,289,0
2004,68,0,20229,Stewart Cink,6,332,1
2004,68,0,8835,Kris Cox,6,236,1
2004,68,0,23541,Ben Crane,6,321,3
2004,68,0,8931,Glen Day,6,341,2
2004,68,0,20104,Ken Duke,6,302,1
2004,68,0,6522,Ernie Els,6,180,0
2004,68,0,1388,Robert Gamez,6,354,1
2004,68,0,10201,Matt Gogel,6,287,0
2004,68,0,23353,J.J. Henry,6,345,0
2004,68,0,12782,Tim Herron,6,274,1
2004,68,0,26420,Richard Johnson,6,354,2
2004,68,0,24024,Zach Johnson,6,355,1
2004,68,0,20094,Jonathan Kaye,6,261,0
2004,68,0,11032,Frank Lickliter II,6,286,0
2004,68,0,20634,Peter Lonard,6,214,0
2004,68,0,1707,Steve Lowery,6,310,1
2004,68,0,1797,Rocco Mediate,6,174,1
2004,68,0,1810,Phil Mickelson,6,266,1
2004,68,0,12660,Jesper Parnevik,6,286,3
2004,68,0,24361,Pat Perez,6,330,0
2004,68,0,1941,Tom Pernice Jr.,6,354,1
2004,68,0,1945,Kenny Perry,6,249,0
2004,68,0,7749,Brett Quigley,6,350,3
2004,68,0,2101,Joey Sindelar,6,337,0
2004,68,0,20548,Hidemichi Tanaka,6,308,1
2004,68,0,2206,David Toms,6,244,1
2004,97,0,6004,Stephen Ames,5,320,0
2004,97,0,20498,Briny Baird,5,329,1
2004,97,0,24507,Jason Bohn,5,328,0
2004,97,0,8123,Jeff Brehaut,5,359,1
2004,97,0,1139,Olin Browne,5,300,2
2004,97,0,20472,Alex Cejka,5,242,0
2004,97,0,1381,Fred Funk,5,305,2
2004,97,0,6575,Dudley Hart,5,188,0
2004,97,0,8075,Jerry Kelly,5,363,1
2004,97,0,23108,Matt Kuchar,5,292,2
2004,97,0,10860,Justin Leonard,5,287,0
2004,97,0,1724,Jeff Maggert,5,194,2
2004,97,0,10912,Craig Perks,5,241,0
2004,97,0,22913,John Rollins,5,290,0
2004,97,0,20580,Andre Stolz,5,179,1
2004,97,0,6527,Steve Stricker,5,274,3
2004,97,0,23623,Bo Van Pelt,5,343,0
2004,97,0,10423,Mike Weir,5,235,1
2004,115,0,1035,Tommy Armour III,4,288,0
2004,115,0,7867,Woody Austin,4,330,2
2004,115,0,7363,Craig Bowden,4,281,0
2004,115,0,21646,David Branshaw,4,285,0
2004,115,0,24290,D.J. Brigman,4,258,2
2004,115,0,1142,Bart Bryant,4,217,0
2004,115,0,6809,Bob Burns,4,293,1
2004,115,0,1157,Tom Byrum,4,264,0
2004,115,0,20593,Greg Chalmers,4,242,1
2004,115,0,1261,Jay Delsing,4,255,0
2004,115,0,20585,Niclas Fasth,4,217,1
2004,115,0,1361,Dan Forsman,4,270,1
2004,115,0,12645,Brent Geiberger,4,302,0
2004,115,0,1761,Len Mattiace,4,261,0
2004,115,0,1771,Blaine McCallister,4,238,1
2004,115,0,10585,Scott McCarron,4,310,1
2004,115,0,8339,Spike McRoy,4,317,2
2004,115,0,12753,David Morland IV,4,251,0
2004,115,0,25237,Kevin Muncrief,4,170,0
2004,115,0,6373,José María Olazábal,4,200,1
2004,115,0,10213,Dicky Pride,4,224,1
2004,115,0,2002,John Riegger,4,189,0
2004,115,0,20127,Chris Riley,4,249,1
2004,115,0,2049,Gene Sauers,4,282,0
2004,115,0,2104,Jeff Sluman,4,337,0
2004,115,0,26287,Roland Thatcher,4,230,1
2004,115,0,2214,Kirk Triplett,4,288,2
2004,142,0,21407,Arjun Atwal,3,288,1
2004,142,0,23613,Rich Barcelo,3,218,1
2004,142,0,6214,Guy Boros,3,222,0
2004,142,0,23135,Tim Clark,3,274,0
2004,142,0,19825,Darren Clarke,3,156,0
2004,142,0,22621,Ben Curtis,3,184,0
2004,142,0,6251,Chris DiMarco,3,329,2
2004,142,0,23983,Luke Donald,3,235,3
2004,142,0,1320,Bob Estes,3,237,1
2004,142,0,1329,Brad Faxon,3,299,0
2004,142,0,1378,David Frost,3,277,1
2004,142,0,19846,Brian Gay,3,315,1
2004,142,0,20157,Retief Goosen,3,188,1
2004,142,0,23338,David Gossett,3,206,2
2004,142,0,1553,John Huston,3,201,0
2004,142,0,8881,Tripp Isenhour,3,183,0
2004,142,0,1666,Bernhard Langer,3,202,1
2004,142,0,12680,Shigeki Maruyama,3,298,0
2004,142,0,12682,Hirofumi Miyase,3,216,1
2004,142,0,25396,Kevin Na,3,336,0
2004,142,0,10107,Deane Pappas,3,238,0
2004,142,0,1927,Dennis Paulson,3,243,0
2004,142,0,22405,Justin Rose,3,252,0
2004,142,0,23621,Rory Sabbatini,3,289,0
2004,142,0,22548,Patrick Sheehan,3,385,2
2004,142,0,6595,Kevin Sutherland,3,277,1
2004,142,0,2223,Bob Tway,3,281,2
2004,142,0,10425,Jay Williamson,3,334,0
2004,142,0,21878,Mark Wilson,3,210,0
2004,142,0,8793,Tiger Woods,3,240,0
2004,172,0,10885,Robert Allenby,2,297,0
2004,172,0,7721,Pat Bates,2,328,1
2004,172,0,20029,Notah Begay III,2,228,0
2004,172,0,1132,Mark Brooks,2,239,0
2004,172,0,19972,José Coceres,2,213,0
2004,172,0,1203,Russ Cochran,2,201,1
2004,172,0,19881,Robert Damron,2,323,1
2004,172,0,1313,Steve Elkington,2,212,2
2004,172,0,1527,Scott Hoch,2,174,0
2004,172,0,1887,Mark O'Meara,2,201,0
2004,172,0,21949,Joe Ogilvie,2,350,0
2004,172,0,1920,Craig Parry,2,176,0
2004,172,0,1938,David Peoples,2,277,0
2004,172,0,23497,Tag Ridings,2,182,0
2004,172,0,2010,Loren Roberts,2,257,0
2004,172,0,6078,Esteban Toledo,2,307,1
2004,172,0,2239,Scott Verplank,2,301,2
2004,189,0,1219,John Cook,1,189,0
2004,189,0,1473,Todd Hamilton,1,299,0
2004,189,0,8537,J.P. Hayes,1,265,0
2004,189,0,21893,Brian Kortan,1,212,0
2004,189,0,24502,Adam Scott,1,168,0
2004,189,0,22293,Heath Slocum,1,307,0
2004,189,0,8385,Omar Uresti,1,290,0
2003,1,0,12823,Carlos Franco,18,333,2
2003,1,0,1388,Robert Gamez,18,386,2
2003,3,0,12510,Chad Campbell,17,325,1
2003,4,0,8793,Tiger Woods,16,220,3
2003,5,0,20663,Brenden Pappas,15,355,1
2003,6,0,7867,Woody Austin,14,370,3
2003,6,0,22892,Jason Gore,14,283,2
2003,6,0,8375,Paul Stankowski,14,246,1
2003,9,0,10809,Jim Furyk,13,326,2
2003,9,0,22548,Patrick Sheehan,13,330,2
2003,9,0,6567,Vijay Singh,13,329,1
2003,12,0,23353,J.J. Henry,12,329,1
2003,12,0,21961,Charles Howell III,12,374,1
2003,12,0,1706,Davis Love III,12,271,2
2003,12,0,22295,Darron Stiles,12,305,0
2003,16,0,19824,Craig Barlow,11,324,2
2003,16,0,8075,Jerry Kelly,11,359,1
2003,16,0,1685,J.L. Lewis,11,315,1
2003,16,0,1723,Andrew Magee,11,302,0
2003,16,0,1938,David Peoples,11,334,1
2003,16,0,24361,Pat Perez,11,326,3
2003,16,0,2106,Chris Smith,11,322,2
2003,23,0,20498,Briny Baird,10,355,1
2003,23,0,20593,Greg Chalmers,10,326,3
2003,23,0,21805,Harrison Frazar,10,287,1
2003,23,0,23338,David Gossett,10,329,2
2003,23,0,1553,John Huston,10,268,3
2003,23,0,1577,Lee Janzen,10,263,0
2003,23,0,12705,Cliff Kresge,10,350,0
2003,23,0,23552,Hank Kuehne,10,247,0
2003,23,0,6332,Neal Lancaster,10,377,0
2003,23,0,1941,Tom Pernice Jr.,10,354,1
2003,23,0,1948,Tim Petrovic,10,342,2
2003,23,0,11011,Mike Sposa,10,238,2
2003,35,0,6004,Stephen Ames,9,316,1
2003,35,0,22371,Aaron Baddeley,9,217,2
2003,35,0,12661,Todd Barranger,9,262,0
2003,35,0,23614,Rich Beem,9,248,3
2003,35,0,1249,John Daly,9,203,1
2003,35,0,6522,Ernie Els,9,184,1
2003,35,0,7457,Steve Flesch,9,369,2
2003,35,0,21209,Sergio Garcia,9,161,2
2003,35,0,20574,Mathew Goggin,9,308,1
2003,35,0,8337,Mike Heinen,9,316,1
2003,35,0,12782,Tim Herron,9,330,0
2003,35,0,11032,Frank Lickliter II,9,304,4
2003,35,0,22046,Geoff Ogilvy,9,293,0
2003,35,0,12660,Jesper Parnevik,9,335,3
2003,35,0,20095,Carl Paulson,9,346,1
2003,35,0,10912,Craig Perks,9,278,2
2003,35,0,2246,Duffy Waldorf,9,297,1
2003,35,0,20436,Garrett Willis,9,331,2
2003,53,0,10885,Robert Allenby,8,247,1
2003,53,0,20098,Stuart Appleby,8,283,0
2003,53,0,20029,Notah Begay III,8,300,0
2003,53,0,6809,Bob Burns,8,281,4
2003,53,0,24357,K.J. Choi,8,335,0
2003,53,0,19825,Darren Clarke,8,167,1
2003,53,0,8931,Glen Day,8,357,3
2003,53,0,6251,Chris DiMarco,8,305,2
2003,53,0,1378,David Frost,8,278,4
2003,53,0,19846,Brian Gay,8,326,1
2003,53,0,1707,Steve Lowery,8,277,1
2003,53,0,12680,Shigeki Maruyama,8,282,1
2003,53,0,1810,Phil Mickelson,8,256,1
2003,53,0,25031,Andy Miller,8,264,1
2003,53,0,26950,John Morgan,8,273,3
2003,53,0,20645,John Senden,8,370,0
2003,53,0,23177,Kenneth Staton,8,199,4
2003,70,0,23036,Chris Anderson,7,327,0
2003,70,0,12652,Cameron Beckman,7,276,0
2003,70,0,8123,Jeff Brehaut,7,374,2
2003,70,0,1157,Tom Byrum,7,316,4
2003,70,0,20229,Stewart Cink,7,333,1
2003,70,0,6034,Marco Dawson,7,281,1
2003,70,0,12645,Brent Geiberger,7,176,0
2003,70,0,6573,Brandt Jobe,7,263,0
2003,70,0,20094,Jonathan Kaye,7,271,0
2003,70,0,1677,Tom Lehman,7,274,0
2003,70,0,1766,Billy Mayfair,7,354,2
2003,70,0,10585,Scott McCarron,7,280,0
2003,70,0,8339,Spike McRoy,7,355,1
2003,70,0,6581,David Sutherland,7,270,0
2003,70,0,6595,Kevin Sutherland,7,324,1
2003,70,0,6078,Esteban Toledo,7,364,1
2003,70,0,2206,David Toms,7,258,2
2003,70,0,2223,Bob Tway,7,278,2
2003,88,0,1035,Tommy Armour III,6,206,2
2003,88,0,7223,Brian Bateman,6,234,0
2003,88,0,24925,Jonathan Byrd,6,336,2
2003,88,0,20472,Alex Cejka,6,290,2
2003,88,0,23135,Tim Clark,6,263,1
2003,88,0,1329,Brad Faxon,6,304,1
2003,88,0,20121,Todd Fischer,6,334,0
2003,88,0,10201,Matt Gogel,6,254,0
2003,88,0,20157,Retief Goosen,6,204,0
2003,88,0,6643,Paul Goydos,6,280,2
2003,88,0,7941,Mike Grob,6,270,1
2003,88,0,1457,Jay Haas,6,262,2
2003,88,0,6575,Dudley Hart,6,223,0
2003,88,0,10565,Ian Leggatt,6,228,2
2003,88,0,12662,Thomas Levet,6,293,1
2003,88,0,1724,Jeff Maggert,6,282,1
2003,88,0,1797,Rocco Mediate,6,255,1
2003,88,0,20572,Rod Pampling,6,275,0
2003,88,0,1945,Kenny Perry,6,313,0
2003,88,0,20127,Chris Riley,6,287,1
2003,88,0,2170,Hal Sutton,6,267,0
2003,88,0,20548,Hidemichi Tanaka,6,387,1
2003,88,0,2214,Kirk Triplett,6,310,1
2003,88,0,2239,Scott Verplank,6,303,1
2003,88,0,10423,Mike Weir,6,247,1
2003,113,0,7721,Pat Bates,5,377,1
2003,113,0,1175,Jim Carter,5,317,1
2003,113,0,19972,José Coceres,5,216,1
2003,113,0,23541,Ben Crane,5,319,0
2003,113,0,8545,Glen Hnatiuk,5,304,1
2003,113,0,8633,Per-Ulrik Johansson,5,325,0
2003,113,0,1619,Skip Kendall,5,400,0
2003,113,0,20940,Kenichi Kuboya,5,310,2
2003,113,0,10860,Justin Leonard,5,248,2
2003,113,0,1761,Len Mattiace,5,299,0
2003,113,0,6515,Shaun Micheel,5,307,1
2003,113,0,1887,Mark O'Meara,5,226,0
2003,113,0,20628,Arron Oberholser,5,264,0
2003,113,0,20568,Anthony Painter,5,298,2
2003,113,0,25345,Carl Pettersson,5,275,0
2003,113,0,23621,Rory Sabbatini,5,302,2
2003,113,0,24502,Adam Scott,5,142,0
2003,113,0,2101,Joey Sindelar,5,314,0
2003,113,0,2104,Jeff Sluman,5,349,1
2003,113,0,7101,Dave Stockton Jr.,5,275,2
2003,113,0,25450,Ty Tryon,5,184,1
2003,113,0,12755,Vance Veazey,5,230,0
2003,113,0,10425,Jay Williamson,5,302,1
2003,113,0,26489,Cameron Yancey,5,198,1
2003,137,0,20771,Steven Alker,4,292,3
2003,137,0,1042,Paul Azinger,4,244,0
2003,137,0,21739,Aaron Barber,4,337,1
2003,137,0,1139,Olin Browne,4,362,1
2003,137,0,23656,Jason Caron,4,248,0
2003,137,0,1226,Fred Couples,4,223,0
2003,137,0,22621,Ben Curtis,4,233,0
2003,137,0,23983,Luke Donald,4,294,1
2003,137,0,1381,Fred Funk,4,342,0
2003,137,0,21806,Paul Gow,4,208,2
2003,137,0,1569,Peter Jacobsen,4,260,1
2003,137,0,26420,Richard Johnson,4,298,1
2003,137,0,10733,Kent Jones,4,236,1
2003,137,0,6475,Jeff Klein,4,202,1
2003,137,0,8547,John Maginnes,4,294,1
2003,137,0,10107,Deane Pappas,4,256,2
2003,137,0,1928,Corey Pavin,4,283,2
2003,137,0,1968,Nick Price,4,188,1
2003,137,0,2002,John Riegger,4,175,0
2003,137,0,22913,John Rollins,4,280,1
2003,137,0,2049,Gene Sauers,4,288,0
2003,137,0,20566,Kaname Yokoo,4,178,1
2003,159,0,1024,Billy Andrade,3,339,0
2003,159,0,20099,Doug Barron,3,305,1
2003,159,0,12388,Michael Clark II,3,189,0
2003,159,0,6621,Joe Durant,3,319,0
2003,159,0,1307,Joel Edwards,3,196,1
2003,159,0,1320,Bob Estes,3,291,1
2003,159,0,1361,Dan Forsman,3,321,0
2003,159,0,20634,Peter Lonard,3,276,0
2003,159,0,7749,Brett Quigley,3,301,1
2003,159,0,25692,Akio Sadakata,3,274,0
2003,159,0,23034,Brent Schwarzrock,3,204,0
2003,159,0,22293,Heath Slocum,3,343,1
2003,171,0,21633,Steve Allan,2,157,0
2003,171,0,1098,Jay Don Blake,2,247,0
2003,171,0,20623,Gavin Coles,2,226,1
2003,171,0,8725,Tom Gillis,2,227,1
2003,171,0,1475,Donnie Hammond,2,328,0
2003,171,0,8537,J.P. Hayes,2,274,2
2003,171,0,23108,Matt Kuchar,2,217,0
2003,171,0,1666,Bernhard Langer,2,212,1
2003,171,0,10213,Dicky Pride,2,246,1
2003,171,0,2010,Loren Roberts,2,261,0
2003,171,0,12602,Dean Wilson,2,276,1
2003,182,0,1132,Mark Brooks,1,307,0
2003,182,0,24356,Jason Buha,1,191,0
2003,182,0,1161,Mark Calcavecchia,1,273,1
2003,182,0,19881,Robert Damron,1,332,0
2003,182,0,23125,Brad Elder,1,161,0
2003,182,0,20573,Scott Laycock,1,238,0
2003,182,0,6527,Steve Stricker,1,193,0
2003,182,0,21878,Mark Wilson,1,278,1
2002,1,0,24925,Jonathan Byrd,15,328,1
2002,1,0,23353,J.J. Henry,15,369,1
2002,1,0,2206,David Toms,15,351,1
2002,4,0,1249,John Daly,14,215,1
2002,4,0,20634,Peter Lonard,14,312,3
2002,4,0,10585,Scott McCarron,14,336,0
2002,4,0,2223,Bob Tway,14,344,1
2002,8,0,21961,Charles Howell III,13,378,2
2002,8,0,1810,Phil Mickelson,13,319,2
2002,8,0,20645,John Senden,13,324,2
2002,11,0,10885,Robert Allenby,12,317,0
2002,11,0,23541,Ben Crane,12,316,2
2002,11,0,21209,Sergio Garcia,12,228,4
2002,11,0,6350,Bob May,12,314,2
2002,11,0,6567,Vijay Singh,12,329,1
2002,11,0,8375,Paul Stankowski,12,339,3
2002,17,0,22913,John Rollins,11,422,0
2002,18,0,9011,David Duval,10,264,1
2002,18,0,20043,Edward Fryatt,10,321,1
2002,18,0,12782,Tim Herron,10,334,1
2002,18,0,8633,Per-Ulrik Johansson,10,301,1
2002,18,0,10565,Ian Leggatt,10,324,2
2002,18,0,20095,Carl Paulson,10,284,1
2002,18,0,1938,David Peoples,10,371,1
2002,25,0,20098,Stuart Appleby,9,331,3
2002,25,0,23614,Rich Beem,9,324,0
2002,25,0,20593,Greg Chalmers,9,324,4
2002,25,0,23125,Brad Elder,9,250,4
2002,25,0,21806,Paul Gow,9,326,2
2002,25,0,1553,John Huston,9,331,1
2002,25,0,6573,Brandt Jobe,9,330,1
2002,25,0,1797,Rocco Mediate,9,267,0
2002,25,0,10912,Craig Perks,9,310,1
2002,25,0,2106,Chris Smith,9,347,1
2002,25,0,23177,Kenneth Staton,9,359,1
2002,25,0,10423,Mike Weir,9,332,0
2002,25,0,23322,Brett Wetterich,9,308,2
2002,38,0,6004,Stephen Ames,8,301,3
2002,38,0,7223,Brian Bateman,8,316,0
2002,38,0,1313,Steve Elkington,8,266,2
2002,38,0,1388,Robert Gamez,8,238,1
2002,38,0,6575,Dudley Hart,8,282,1
2002,38,0,1577,Lee Janzen,8,345,0
2002,38,0,10860,Justin Leonard,8,319,2
2002,38,0,1707,Steve Lowery,8,315,3
2002,38,0,22046,Geoff Ogilvy,8,311,2
2002,38,0,12660,Jesper Parnevik,8,287,0
2002,38,0,1948,Tim Petrovic,8,310,2
2002,38,0,23621,Rory Sabbatini,8,220,1
2002,38,0,23623,Bo Van Pelt,8,276,1
2002,51,0,21633,Steve Allan,7,318,1
2002,51,0,6197,Michael Allen,7,259,1
2002,51,0,1098,Jay Don Blake,7,360,2
2002,51,0,1161,Mark Calcavecchia,7,274,2
2002,51,0,1175,Jim Carter,7,330,0
2002,51,0,24357,K.J. Choi,7,305,2
2002,51,0,6251,Chris DiMarco,7,357,1
2002,51,0,12823,Carlos Franco,7,386,0
2002,51,0,20157,Retief Goosen,7,192,1
2002,51,0,1599,Steve Jones,7,233,0
2002,51,0,1706,Davis Love III,7,285,2
2002,51,0,12680,Shigeki Maruyama,7,286,0
2002,51,0,6515,Shaun Micheel,7,346,3
2002,51,0,24361,Pat Perez,7,300,0
2002,51,0,2101,Joey Sindelar,7,374,1
2002,51,0,2104,Jeff Sluman,7,416,2
2002,51,0,2133,Craig Stadler,7,244,0
2002,51,0,12663,Phil Tataurangi,7,284,0
2002,51,0,6613,Tommy Tolles,7,233,1
2002,51,0,2245,Grant Waite,7,343,2
2002,71,0,1024,Billy Andrade,6,332,1
2002,71,0,12652,Cameron Beckman,6,285,2
2002,71,0,20029,Notah Begay III,6,246,1
2002,71,0,7003,David Berganio Jr.,6,276,0
2002,71,0,8123,Jeff Brehaut,6,310,2
2002,71,0,20229,Stewart Cink,6,310,1
2002,71,0,1226,Fred Couples,6,210,0
2002,71,0,1307,Joel Edwards,6,350,0
2002,71,0,7457,Steve Flesch,6,367,2
2002,71,0,1361,Dan Forsman,6,292,1
2002,71,0,21805,Harrison Frazar,6,312,0
2002,71,0,1374,Robin Freeman,6,265,3
2002,71,0,1381,Fred Funk,6,360,0
2002,71,0,12645,Brent Geiberger,6,311,0
2002,71,0,8545,Glen Hnatiuk,6,330,1
2002,71,0,20094,Jonathan Kaye,6,280,2
2002,71,0,6332,Neal Lancaster,6,360,1
2002,71,0,1766,Billy Mayfair,6,318,1
2002,71,0,1887,Mark O'Meara,6,236,1
2002,71,0,1927,Dennis Paulson,6,323,0
2002,71,0,1941,Tom Pernice Jr.,6,354,0
2002,71,0,1968,Nick Price,6,212,2
2002,71,0,7749,Brett Quigley,6,332,0
2002,71,0,26289,Boo Weekley,6,203,1
2002,71,0,10425,Jay Williamson,6,320,1
2002,71,0,20436,Garrett Willis,6,270,2
2002,71,0,8793,Tiger Woods,6,241,1
2002,71,0,20566,Kaname Yokoo,6,246,1
2002,99,0,1035,Tommy Armour III,5,274,0
2002,99,0,12510,Chad Campbell,5,384,0
2002,99,0,12388,Michael Clark II,5,330,0
2002,99,0,24937,Jess Daley,5,262,0
2002,99,0,19881,Robert Damron,5,302,2
2002,99,0,23338,David Gossett,5,317,0
2002,99,0,1514,Eduardo Herrera,5,206,0
2002,99,0,8881,Tripp Isenhour,5,237,1
2002,99,0,10733,Kent Jones,5,364,0
2002,99,0,8075,Jerry Kelly,5,341,1
2002,99,0,6012,Greg Kraft,5,298,1
2002,99,0,23108,Matt Kuchar,5,282,2
2002,99,0,1685,J.L. Lewis,5,351,2
2002,99,0,1723,Andrew Magee,5,305,2
2002,99,0,1761,Len Mattiace,5,347,0
2002,99,0,21949,Joe Ogilvie,5,169,0
2002,99,0,20663,Brenden Pappas,5,220,0
2002,99,0,10649,Tom Scherrer,5,335,1
2002,99,0,6527,Steve Stricker,5,218,0
2002,99,0,6595,Kevin Sutherland,5,314,1
2002,99,0,2246,Duffy Waldorf,5,300,0
2002,120,0,1132,Mark Brooks,4,323,1
2002,120,0,1142,Bart Bryant,4,245,0
2002,120,0,1185,Brandel Chamblee,4,295,0
2002,120,0,6036,Scott Dunlap,4,241,0
2002,120,0,6621,Joe Durant,4,296,2
2002,120,0,6522,Ernie Els,4,200,0
2002,120,0,1320,Bob Estes,4,285,0
2002,120,0,1329,Brad Faxon,4,291,2
2002,120,0,1457,Jay Haas,4,270,1
2002,120,0,10117,Bob Heintz,4,243,0
2002,120,0,21259,Jason Hill,4,207,0
2002,120,0,8993,Franklin Langham,4,239,1
2002,120,0,1677,Tom Lehman,4,229,0
2002,120,0,11032,Frank Lickliter II,4,296,2
2002,120,0,10107,Deane Pappas,4,304,2
2002,120,0,1945,Kenny Perry,4,322,0
2002,120,0,6498,Matt Peterson,4,281,3
2002,120,0,20127,Chris Riley,4,346,3
2002,120,0,22293,Heath Slocum,4,338,1
2002,120,0,11011,Mike Sposa,4,380,1
2002,120,0,2214,Kirk Triplett,4,273,1
2002,120,0,2239,Scott Verplank,4,317,0
2002,142,0,20498,Briny Baird,3,374,2
2002,142,0,1139,Olin Browne,3,366,0
2002,142,0,23135,Tim Clark,3,261,1
2002,142,0,19972,José Coceres,3,169,1
2002,142,0,1219,John Cook,3,291,1
2002,142,0,8931,Glen Day,3,374,1
2002,142,0,23983,Luke Donald,3,355,1
2002,142,0,1378,David Frost,3,305,0
2002,142,0,23903,Stephen Gangluff,3,266,0
2002,142,0,19846,Brian Gay,3,395,0
2002,142,0,20574,Mathew Goggin,3,221,0
2002,142,0,10962,Bradley Hughes,3,211,0
2002,142,0,1569,Peter Jacobsen,3,238,3
2002,142,0,19958,Miguel Angel Jiménez,3,200,0
2002,142,0,1619,Skip Kendall,3,372,2
2002,142,0,1666,Bernhard Langer,3,192,0
2002,142,0,20502,Michael Long,3,259,0
2002,142,0,23800,Bryce Molder,3,215,1
2002,142,0,12753,David Morland IV,3,198,0
2002,142,0,19817,Michael Muehr,3,249,1
2002,142,0,10457,Frank Nobilo,3,336,2
2002,142,0,20572,Rod Pampling,3,340,1
2002,142,0,1920,Craig Parry,3,249,1
2002,142,0,1926,Steve Pate,3,209,0
2002,142,0,8553,Lee Porter,3,307,0
2002,142,0,2002,John Riegger,3,289,1
2002,142,0,2170,Hal Sutton,3,260,0
2002,169,0,7867,Woody Austin,2,345,0
2002,169,0,6809,Bob Burns,2,331,1
2002,169,0,1157,Tom Byrum,2,268,1
2002,169,0,10201,Matt Gogel,2,265,0
2002,169,0,20105,Jeff Gove,2,314,0
2002,169,0,8537,J.P. Hayes,2,269,1
2002,169,0,6617,Brian Henninger,2,220,1
2002,169,0,1549,Mike Hulbert,2,186,0
2002,169,0,6016,Brad Lardon,2,203,1
2002,169,0,8339,Spike McRoy,2,234,0
2002,169,0,8535,Gary Nicklaus,2,236,1
2002,169,0,6373,José María Olazábal,2,221,0
2002,169,0,1928,Corey Pavin,2,246,0
2002,169,0,2010,Loren Roberts,2,302,0
2002,169,0,20548,Hidemichi Tanaka,2,348,0
2002,169,0,6078,Esteban Toledo,2,341,1
2002,169,0,2257,Brian Watts,2,197,2
2002,169,0,2322,Richard Zokol,2,177,0
2002,187,0,1042,Paul Azinger,1,224,0
2002,187,0,7721,Pat Bates,1,316,0
2002,187,0,12826,Paul Claxton,1,299,0
2002,187,0,1203,Russ Cochran,1,239,1
2002,187,0,10809,Jim Furyk,1,286,1
2002,187,0,6643,Paul Goydos,1,233,0
2002,187,0,1527,Scott Hoch,1,230,0
2002,187,0,6315,Pete Jordan,1,279,0
2002,187,0,1724,Jeff Maggert,1,283,1
2002,187,0,1771,Blaine McCallister,1,269,0
2002,187,0,10213,Dicky Pride,1,169,0
2002,187,0,2099,Scott Simpson,1,212,1
2002,187,0,2110,Jerry Smith,1,310,0
2001,1,0,1329,Brad Faxon,17,291,0
2001,1,0,1810,Phil Mickelson,17,267,0
2001,3,0,12660,Jesper Parnevik,14,294,1
2001,3,0,10423,Mike Weir,14,279,0
2001,5,0,11032,Frank Lickliter II,13,341,1
2001,5,0,8793,Tiger Woods,13,245,0
2001,7,0,7457,Steve Flesch,12,373,0
2001,7,0,10962,Bradley Hughes,12,323,0
2001,7,0,6567,Vijay Singh,12,297,0
2001,7,0,2104,Jeff Sluman,12,359,1
2001,11,0,20498,Briny Baird,11,344,0
2001,11,0,1226,Fred Couples,11,237,0
2001,11,0,12823,Carlos Franco,11,292,0
2001,11,0,1723,Andrew Magee,11,335,1
2001,11,0,12680,Shigeki Maruyama,11,306,0
2001,16,0,10885,Robert Allenby,10,343,0
2001,16,0,6809,Bob Burns,10,308,0
2001,16,0,1161,Mark Calcavecchia,10,266,0
2001,16,0,8075,Jerry Kelly,10,357,0
2001,16,0,1685,J.L. Lewis,10,355,0
2001,16,0,10585,Scott McCarron,10,326,0
2001,16,0,23621,Rory Sabbatini,10,235,1
2001,23,0,21633,Steve Allan,9,299,0
2001,23,0,20098,Stuart Appleby,9,329,0
2001,23,0,12652,Cameron Beckman,9,352,1
2001,23,0,23614,Rich Beem,9,306,0
2001,23,0,6251,Chris DiMarco,9,344,1
2001,23,0,20043,Edward Fryatt,9,296,0
2001,23,0,10860,Justin Leonard,9,334,1
2001,23,0,1707,Steve Lowery,9,323,0
2001,23,0,1724,Jeff Maggert,9,292,0
2001,23,0,1761,Len Mattiace,9,311,0
2001,23,0,21949,Joe Ogilvie,9,376,0
2001,23,0,7749,Brett Quigley,9,211,0
2001,23,0,8375,Paul Stankowski,9,310,0
2001,23,0,6595,Kevin Sutherland,9,346,1
2001,23,0,2218,Ted Tryba,9,375,2
2001,23,0,2239,Scott Verplank,9,319,2
2001,39,0,1042,Paul Azinger,8,267,0
2001,39,0,19824,Craig Barlow,8,247,0
2001,39,0,1175,Jim Carter,8,339,0
2001,39,0,1249,John Daly,8,276,0
2001,39,0,1307,Joel Edwards,8,344,0
2001,39,0,23125,Brad Elder,8,387,0
2001,39,0,12760,Danny Ellis,8,268,0
2001,39,0,6522,Ernie Els,8,194,0
2001,39,0,12645,Brent Geiberger,8,273,0
2001,39,0,20574,Mathew Goggin,8,331,0
2001,39,0,22892,Jason Gore,8,281,0
2001,39,0,6575,Dudley Hart,8,240,0
2001,39,0,6573,Brandt Jobe,8,329,0
2001,39,0,20094,Jonathan Kaye,8,402,0
2001,39,0,6515,Shaun Micheel,8,348,1
2001,39,0,20095,Carl Paulson,8,321,0
2001,39,0,1945,Kenny Perry,8,317,0
2001,39,0,20127,Chris Riley,8,336,0
2001,39,0,2206,David Toms,8,327,0
2001,39,0,8057,Brian Wilson,8,303,0
2001,59,0,1035,Tommy Armour III,7,314,0
2001,59,0,20229,Stewart Cink,7,320,0
2001,59,0,12388,Michael Clark II,7,297,0
2001,59,0,1203,Russ Cochran,7,265,0
2001,59,0,6621,Joe Durant,7,275,0
2001,59,0,1381,Fred Funk,7,391,0
2001,59,0,24604,Hunter Haas,7,264,0
2001,59,0,23353,J.J. Henry,7,294,1
2001,59,0,21007,Gabriel Hjertstedt,7,263,0
2001,59,0,8633,Per-Ulrik Johansson,7,264,0
2001,59,0,1771,Blaine McCallister,7,289,0
2001,59,0,10457,Frank Nobilo,7,308,0
2001,59,0,22046,Geoff Ogilvy,7,202,0
2001,59,0,1927,Dennis Paulson,7,243,0
2001,59,0,1938,David Peoples,7,323,1
2001,59,0,10912,Craig Perks,7,264,0
2001,59,0,1941,Tom Pernice Jr.,7,350,0
2001,59,0,2110,Jerry Smith,7,325,0
2001,59,0,2170,Hal Sutton,7,319,0
2001,59,0,6613,Tommy Tolles,7,305,0
2001,59,0,2214,Kirk Triplett,7,276,0
2001,80,0,8123,Jeff Brehaut,6,273,0
2001,80,0,1139,Olin Browne,6,316,0
2001,80,0,24357,K.J. Choi,6,315,0
2001,80,0,1219,John Cook,6,315,0
2001,80,0,21584,Richie Coughlan,6,226,0
2001,80,0,6036,Scott Dunlap,6,254,0
2001,80,0,9011,David Duval,6,231,0
2001,80,0,21805,Harrison Frazar,6,295,0
2001,80,0,1374,Robin Freeman,6,364,0
2001,80,0,10963,Jimmy Green,6,319,0
2001,80,0,6012,Greg Kraft,6,359,0
2001,80,0,1706,Davis Love III,6,244,0
2001,80,0,1766,Billy Mayfair,6,345,0
2001,80,0,10213,Dicky Pride,6,272,0
2001,80,0,2002,John Riegger,6,301,0
2001,80,0,23034,Brent Schwarzrock,6,221,0
2001,80,0,2101,Joey Sindelar,6,231,0
2001,80,0,2106,Chris Smith,6,338,0
2001,80,0,2223,Bob Tway,6,371,0
2001,99,0,6004,Stephen Ames,5,302,0
2001,99,0,1157,Tom Byrum,5,291,0
2001,99,0,20593,Greg Chalmers,5,302,0
2001,99,0,19881,Robert Damron,5,321,0
2001,99,0,8931,Glen Day,5,302,0
2001,99,0,21209,Sergio Garcia,5,183,0
2001,99,0,1418,Bill Glasson,5,225,0
2001,99,0,12782,Tim Herron,5,304,0
2001,99,0,1553,John Huston,5,203,0
2001,99,0,1577,Lee Janzen,5,333,0
2001,99,0,6514,Kevin Johnson,5,313,0
2001,99,0,12705,Cliff Kresge,5,288,0
2001,99,0,1677,Tom Lehman,5,259,0
2001,99,0,6350,Bob May,5,258,0
2001,99,0,1797,Rocco Mediate,5,231,1
2001,99,0,12753,David Morland IV,5,308,0
2001,99,0,8553,Lee Porter,5,318,0
2001,99,0,6527,Steve Stricker,5,228,0
2001,99,0,12714,Chris Tidland,5,276,0
2001,99,0,6591,Rocky Walcher,5,207,0
2001,99,0,20436,Garrett Willis,5,312,0
2001,120,0,25083,Jeremy Anderson,4,240,0
2001,120,0,1063,Ben Bates,4,181,0
2001,120,0,7003,David Berganio Jr.,4,246,1
2001,120,0,1185,Brandel Chamblee,4,246,0
2001,120,0,1320,Bob Estes,4,281,1
2001,120,0,1361,Dan Forsman,4,261,0
2001,120,0,10809,Jim Furyk,4,285,0
2001,120,0,1388,Robert Gamez,4,210,0
2001,120,0,19846,Brian Gay,4,381,0
2001,120,0,6643,Paul Goydos,4,291,0
2001,120,0,1457,Jay Haas,4,249,0
2001,120,0,8537,J.P. Hayes,4,265,0
2001,120,0,1527,Scott Hoch,4,287,0
2001,120,0,6315,Pete Jordan,4,356,0
2001,120,0,6332,Neal Lancaster,4,369,0
2001,120,0,10565,Ian Leggatt,4,295,0
2001,120,0,6090,Jim McGovern,4,212,0
2001,120,0,22122,Andrew McLardy,4,262,0
2001,120,0,8339,Spike McRoy,4,308,1
2001,120,0,19817,Michael Muehr,4,316,1
2001,120,0,8535,Gary Nicklaus,4,325,0
2001,120,0,1926,Steve Pate,4,286,0
2001,120,0,1943,Chris Perry,4,271,0
2001,120,0,11011,Mike Sposa,4,326,0
2001,120,0,2245,Grant Waite,4,270,0
2001,120,0,10425,Jay Williamson,4,316,0
2001,120,0,20566,Kaname Yokoo,4,280,0
2001,147,0,1014,Fulton Allem,3,193,0
2001,147,0,7867,Woody Austin,3,335,0
2001,147,0,20099,Doug Barron,3,219,0
2001,147,0,1093,Ronnie Black,3,175,0
2001,147,0,1098,Jay Don Blake,3,340,0
2001,147,0,6034,Marco Dawson,3,215,0
2001,147,0,22051,Ben Ferguson,3,264,0
2001,147,0,10201,Matt Gogel,3,281,0
2001,147,0,21806,Paul Gow,3,262,0
2001,147,0,8063,Kelly Grunewald,3,228,0
2001,147,0,6617,Brian Henninger,3,282,0
2001,147,0,20433,Mark Hensby,3,246,0
2001,147,0,8545,Glen Hnatiuk,3,349,0
2001,147,0,21961,Charles Howell III,3,295,0
2001,147,0,1599,Steve Jones,3,234,0
2001,147,0,7547,Craig Kanada,3,290,0
2001,147,0,1619,Skip Kendall,3,384,0
2001,147,0,1887,Mark O'Meara,3,226,0
2001,147,0,1968,Nick Price,3,232,0
2001,147,0,10649,Tom Scherrer,3,230,0
2001,147,0,6078,Esteban Toledo,3,396,0
2001,147,0,2279,Mark Wiebe,3,215,0
2001,169,0,1024,Billy Andrade,2,266,0
2001,169,0,7763,Doug Dunakey,2,283,0
2001,169,0,1378,David Frost,2,297,1
2001,169,0,8881,Tripp Isenhour,2,312,0
2001,169,0,10733,Kent Jones,2,259,0
2001,169,0,6140,Sean Murphy,2,241,0
2001,169,0,6373,José María Olazábal,2,167,0
2001,169,0,1920,Craig Parry,2,219,1
2001,169,0,1928,Corey Pavin,2,225,0
2001,169,0,2010,Loren Roberts,2,282,0
2001,169,0,7101,Dave Stockton Jr.,2,212,0
2001,169,0,2246,Duffy Waldorf,2,237,0
2001,181,0,1132,Mark Brooks,1,298,0
2001,181,0,1200,Keith Clearwater,1,212,0
2001,181,0,19972,José Coceres,1,171,0
2001,181,0,1313,Steve Elkington,1,201,0
2001,181,0,1487,Jeff Hart,1,304,1
2001,181,0,1666,Bernhard Langer,1,209,1
2001,181,0,1823,Larry Mize,1,249,0
2001,181,0,2099,Scott Simpson,1,251,0
2001,181,0,2257,Brian Watts,1,186,0
2000,1,0,8793,Tiger Woods,17,265,0
2000,2,0,23621,Rory Sabbatini,16,298,0
2000,3,0,6251,Chris DiMarco,15,397,0
2000,3,0,7457,Steve Flesch,15,418,0
2000,5,0,1810,Phil Mickelson,14,268,0
2000,6,0,1943,Chris Perry,13,384,0
2000,7,0,8535,Gary Nicklaus,12,285,0
2000,8,0,1706,Davis Love III,11,310,0
2000,8,0,20095,Carl Paulson,11,364,0
2000,10,0,1042,Paul Azinger,10,239,0
2000,10,0,20593,Greg Chalmers,10,315,0
2000,10,0,1418,Bill Glasson,10,343,0
2000,10,0,20574,Mathew Goggin,10,330,0
2000,14,0,7867,Woody Austin,9,363,0
2000,14,0,23125,Brad Elder,9,396,0
2000,14,0,21805,Harrison Frazar,9,247,0
2000,14,0,10962,Bradley Hughes,9,316,0
2000,14,0,1619,Skip Kendall,9,402,0
2000,14,0,1938,David Peoples,9,345,0
2000,14,0,2245,Grant Waite,9,303,0
2000,21,0,10885,Robert Allenby,8,301,0
2000,21,0,19824,Craig Barlow,8,332,0
2000,21,0,1116,Michael Bradley,8,267,0
2000,21,0,19881,Robert Damron,8,322,0
2000,21,0,1261,Jay Delsing,8,331,0
2000,21,0,6036,Scott Dunlap,8,357,0
2000,21,0,20043,Edward Fryatt,8,338,0
2000,21,0,21209,Sergio Garcia,8,179,0
2000,21,0,8537,J.P. Hayes,8,326,0
2000,21,0,6573,Brandt Jobe,8,311,0
2000,21,0,10860,Justin Leonard,8,310,0
2000,21,0,1707,Steve Lowery,8,359,0
2000,21,0,6350,Bob May,8,305,0
2000,21,0,10585,Scott McCarron,8,350,0
2000,21,0,1941,Tom Pernice Jr.,8,346,0
2000,21,0,2104,Jeff Sluman,8,388,0
2000,37,0,20098,Stuart Appleby,7,266,0
2000,37,0,1175,Jim Carter,7,321,0
2000,37,0,1185,Brandel Chamblee,7,245,0
2000,37,0,19822,Bobby Cochran,7,265,0
2000,37,0,9011,David Duval,7,224,0
2000,37,0,12823,Carlos Franco,7,278,0
2000,37,0,1381,Fred Funk,7,376,0
2000,37,0,1388,Robert Gamez,7,265,0
2000,37,0,20094,Jonathan Kaye,7,394,0
2000,37,0,11032,Frank Lickliter II,7,366,0
2000,37,0,1724,Jeff Maggert,7,287,0
2000,37,0,1761,Len Mattiace,7,362,0
2000,37,0,12660,Jesper Parnevik,7,217,0
2000,37,0,1927,Dennis Paulson,7,296,0
2000,37,0,1945,Kenny Perry,7,286,0
2000,37,0,2101,Joey Sindelar,7,308,0
2000,37,0,2133,Craig Stadler,7,239,0
2000,37,0,2206,David Toms,7,376,0
2000,37,0,2214,Kirk Triplett,7,314,0
2000,37,0,2218,Ted Tryba,7,383,0
2000,37,0,10423,Mike Weir,7,327,0
2000,58,0,6004,Stephen Ames,6,334,0
2000,58,0,6809,Bob Burns,6,309,0
2000,58,0,1191,Barry Cheesman,6,325,0
2000,58,0,20229,Stewart Cink,6,305,0
2000,58,0,7763,Doug Dunakey,6,289,0
2000,58,0,1307,Joel Edwards,6,345,0
2000,58,0,1313,Steve Elkington,6,191,0
2000,58,0,12782,Tim Herron,6,309,0
2000,58,0,1527,Scott Hoch,6,372,0
2000,58,0,8075,Jerry Kelly,6,394,0
2000,58,0,6012,Greg Kraft,6,368,0
2000,58,0,1723,Andrew Magee,6,266,0
2000,58,0,20445,Casey Martin,6,309,0
2000,58,0,1766,Billy Mayfair,6,312,0
2000,58,0,1771,Blaine McCallister,6,366,0
2000,58,0,12753,David Morland IV,6,309,0
2000,58,0,6140,Sean Murphy,6,352,0
2000,58,0,21949,Joe Ogilvie,6,321,0
2000,58,0,7749,Brett Quigley,6,205,0
2000,58,0,10649,Tom Scherrer,6,355,0
2000,58,0,6595,Kevin Sutherland,6,324,0
2000,58,0,2170,Hal Sutton,6,304,0
2000,58,0,6078,Esteban Toledo,6,384,0
2000,81,0,1035,Tommy Armour III,5,308,0
2000,81,0,20029,Notah Begay III,5,245,0
2000,81,0,10569,Mike Brisky,5,303,0
2000,81,0,1132,Mark Brooks,5,305,0
2000,81,0,23656,Jason Caron,5,261,0
2000,81,0,12388,Michael Clark II,5,289,0
2000,81,0,6522,Ernie Els,5,220,0
2000,81,0,1361,Dan Forsman,5,311,0
2000,81,0,10201,Matt Gogel,5,302,0
2000,81,0,20105,Jeff Gove,5,295,0
2000,81,0,6617,Brian Henninger,5,309,0
2000,81,0,1553,John Huston,5,255,0
2000,81,0,1577,Lee Janzen,5,319,0
2000,81,0,8993,Franklin Langham,5,329,0
2000,81,0,6090,Jim McGovern,5,189,0
2000,81,0,1797,Rocco Mediate,5,269,0
2000,81,0,6515,Shaun Micheel,5,324,0
2000,81,0,6062,Charles Raulerson,5,345,0
2000,99,0,1014,Fulton Allem,4,267,0
2000,99,0,23614,Rich Beem,4,287,0
2000,99,0,8243,Aaron Bengoechea,4,259,0
2000,99,0,1093,Ronnie Black,4,286,0
2000,99,0,1098,Jay Don Blake,4,324,0
2000,99,0,6014,Eric Booker,4,303,0
2000,99,0,1139,Olin Browne,4,344,0
2000,99,0,1142,Bart Bryant,4,251,0
2000,99,0,1226,Fred Couples,4,252,0
2000,99,0,1249,John Daly,4,247,0
2000,99,0,1282,Trevor Dodds,4,300,0
2000,99,0,1329,Brad Faxon,4,355,0
2000,99,0,1331,Rick Fehr,4,247,0
2000,99,0,1374,Robin Freeman,4,334,0
2000,99,0,19846,Brian Gay,4,353,0
2000,99,0,12645,Brent Geiberger,4,263,0
2000,99,0,6088,Steve Gotsche,4,317,0
2000,99,0,10963,Jimmy Green,4,293,0
2000,99,0,10117,Bob Heintz,4,302,0
2000,99,0,1549,Mike Hulbert,4,281,0
2000,99,0,8547,John Maginnes,4,350,0
2000,99,0,8045,Perry Moss,4,189,0
2000,99,0,1928,Corey Pavin,4,253,0
2000,99,0,1968,Nick Price,4,204,0
2000,99,0,6567,Vijay Singh,4,309,0
2000,99,0,8375,Paul Stankowski,4,266,0
2000,99,0,7101,Dave Stockton Jr.,4,311,0
2000,99,0,2239,Scott Verplank,4,368,0
2000,99,0,10425,Jay Williamson,4,353,0
2000,128,0,1024,Billy Andrade,3,301,0
2000,128,0,20099,Doug Barron,3,282,0
2000,128,0,1063,Ben Bates,3,361,0
2000,128,0,12652,Cameron Beckman,3,278,0
2000,128,0,1157,Tom Byrum,3,296,0
2000,128,0,1203,Russ Cochran,3,257,0
2000,128,0,11653,Paul Curry,3,232,0
2000,128,0,8931,Glen Day,3,330,0
2000,128,0,6621,Joe Durant,3,324,0
2000,128,0,6044,Scott Gump,3,355,0
2000,128,0,1510,Nolan Henke,3,268,0
2000,128,0,21007,Gabriel Hjertstedt,3,294,0
2000,128,0,1599,Steve Jones,3,244,0
2000,128,0,6332,Neal Lancaster,3,328,0
2000,128,0,1677,Tom Lehman,3,221,0
2000,128,0,1685,J.L. Lewis,3,355,0
2000,128,0,12680,Shigeki Maruyama,3,282,0
2000,128,0,10213,Dicky Pride,3,327,0
2000,128,0,20127,Chris Riley,3,319,0
2000,128,0,22913,John Rollins,3,255,0
2000,128,0,22064,Craig Spence,3,299,0
2000,128,0,11011,Mike Sposa,3,252,0
2000,128,0,6527,Steve Stricker,3,217,0
2000,128,0,6581,David Sutherland,3,383,0
2000,128,0,2223,Bob Tway,3,309,0
2000,128,0,2246,Duffy Waldorf,3,254,0
2000,128,0,2257,Brian Watts,3,312,0
2000,128,0,2279,Mark Wiebe,3,319,0
2000,156,0,1040,Emlyn Aubrey,2,231,0
2000,156,0,1072,Chip Beck,2,169,0
2000,156,0,24356,Jason Buha,2,283,0
2000,156,0,1161,Mark Calcavecchia,2,314,0
2000,156,0,1323,Brad Fabel,2,319,0
2000,156,0,1326,Nick Faldo,2,164,0
2000,156,0,1376,Bob Friend,2,319,0
2000,156,0,10809,Jim Furyk,2,311,0
2000,156,0,6643,Paul Goydos,2,326,0
2000,156,0,12449,Ryan Howison,2,295,0
2000,156,0,1569,Peter Jacobsen,2,226,0
2000,156,0,1823,Larry Mize,2,248,0
2000,156,0,10457,Frank Nobilo,2,327,0
2000,156,0,21593,Keith Nolan,2,207,0
2000,156,0,1920,Craig Parry,2,228,0
2000,156,0,1926,Steve Pate,2,308,0
2000,156,0,10912,Craig Perks,2,295,0
2000,156,0,1975,Tom Purtzer,2,194,0
2000,156,0,1996,Mike Reid,2,237,0
2000,156,0,2010,Loren Roberts,2,266,0
2000,156,0,2110,Jerry Smith,2,354,0
2000,156,0,6613,Tommy Tolles,2,221,0
2000,178,0,1219,John Cook,1,303,0
2000,178,0,1320,Bob Estes,1,210,0
2000,178,0,1378,David Frost,1,200,0
2000,178,0,1408,Kelly Gibson,1,293,0
2000,178,0,1457,Jay Haas,1,280,0
2000,178,0,1489,Steve Hart,1,245,0
2000,178,0,8545,Glen Hnatiuk,1,318,0
2000,178,0,1533,P.H. Horgan III,1,223,0
2000,178,0,6315,Pete Jordan,1,357,0
2000,178,0,1887,Mark O'Meara,1,183,0
2000,178,0,1905,Joe Ozaki,1,191,0
2000,178,0,8385,Omar Uresti,1,333,0
2000,178,0,6431,Jean Van de Velde,1,237,0
2000,178,0,7753,Kevin Wentworth,1,293,0
1999,1,0,6567,Vijay Singh,16,344,0
1999,2,0,1943,Chris Perry,14,420,0
1999,3,0,21805,Harrison Frazar,13,334,0
1999,3,0,2218,Ted Tryba,13,376,0
1999,5,0,19824,Craig Barlow,12,309,0
1999,5,0,20094,Jonathan Kaye,12,377,0
1999,5,0,21949,Joe Ogilvie,12,334,0
1999,5,0,2206,David Toms,12,365,0
1999,9,0,1707,Steve Lowery,11,343,0
1999,9,0,1927,Dennis Paulson,11,357,0
1999,11,0,6251,Chris DiMarco,10,358,0
1999,11,0,12823,Carlos Franco,10,230,0
1999,11,0,1619,Skip Kendall,10,381,0
1999,11,0,11032,Frank Lickliter II,10,369,0
1999,15,0,20029,Notah Begay III,9,325,0
1999,15,0,1175,Jim Carter,9,331,0
1999,15,0,20593,Greg Chalmers,9,381,0
1999,15,0,9011,David Duval,9,247,0
1999,15,0,6575,Dudley Hart,9,307,0
1999,15,0,1685,J.L. Lewis,9,342,0
1999,15,0,1797,Rocco Mediate,9,283,0
1999,15,0,1810,Phil Mickelson,9,261,0
1999,15,0,6062,Charles Raulerson,9,359,0
1999,15,0,2106,Chris Smith,9,273,0
1999,15,0,2239,Scott Verplank,9,307,0
1999,15,0,2246,Duffy Waldorf,9,307,0
1999,15,0,8793,Tiger Woods,9,249,0
1999,28,0,1249,John Daly,8,222,0
1999,28,0,1282,Trevor Dodds,8,348,0
1999,28,0,1385,Jim Gallagher Jr.,8,285,0
1999,28,0,21007,Gabriel Hjertstedt,8,344,0
1999,28,0,6332,Neal Lancaster,8,334,0
1999,28,0,1723,Andrew Magee,8,300,0
1999,28,0,1941,Tom Pernice Jr.,8,305,0
1999,28,0,10423,Mike Weir,8,351,0
1999,28,0,7753,Kevin Wentworth,8,254,0
1999,37,0,1035,Tommy Armour III,7,308,0
1999,37,0,12652,Cameron Beckman,7,283,0
1999,37,0,1116,Michael Bradley,7,271,0
1999,37,0,1226,Fred Couples,7,190,0
1999,37,0,19881,Robert Damron,7,379,0
1999,37,0,6643,Paul Goydos,7,327,0
1999,37,0,1527,Scott Hoch,7,346,0
1999,37,0,1533,P.H. Horgan III,7,359,0
1999,37,0,1569,Peter Jacobsen,7,259,0
1999,37,0,1761,Len Mattiace,7,329,0
1999,37,0,1945,Kenny Perry,7,287,0
1999,37,0,11011,Mike Sposa,7,311,0
1999,37,0,6595,Kevin Sutherland,7,343,0
1999,37,0,2214,Kirk Triplett,7,297,0
1999,37,0,2245,Grant Waite,7,345,0
1999,37,0,23349,Charles Warren,7,251,0
1999,53,0,20098,Stuart Appleby,6,306,0
1999,53,0,1096,Phil Blackmar,6,317,0
1999,53,0,1098,Jay Don Blake,6,324,0
1999,53,0,6014,Eric Booker,6,326,0
1999,53,0,6809,Bob Burns,6,305,0
1999,53,0,11123,Chris Couch,6,257,0
1999,53,0,1381,Fred Funk,6,398,0
1999,53,0,12782,Tim Herron,6,319,0
1999,53,0,10962,Bradley Hughes,6,345,0
1999,53,0,1553,John Huston,6,250,0
1999,53,0,1577,Lee Janzen,6,272,0
1999,53,0,6315,Pete Jordan,6,324,0
1999,53,0,8075,Jerry Kelly,6,379,0
1999,53,0,1677,Tom Lehman,6,260,0
1999,53,0,1766,Billy Mayfair,6,296,0
1999,53,0,1771,Blaine McCallister,6,330,0
1999,53,0,23621,Rory Sabbatini,6,281,0
1999,53,0,7101,Dave Stockton Jr.,6,311,0
1999,53,0,12663,Phil Tataurangi,6,254,0
1999,53,0,8385,Omar Uresti,6,363,0
1999,53,0,23623,Bo Van Pelt,6,269,0
1999,53,0,2257,Brian Watts,6,285,0
1999,53,0,2279,Mark Wiebe,6,264,0
1999,76,0,1042,Paul Azinger,5,258,0
1999,76,0,8123,Jeff Brehaut,5,281,0
1999,76,0,1185,Brandel Chamblee,5,263,0
1999,76,0,1191,Barry Cheesman,5,341,0
1999,76,0,20229,Stewart Cink,5,320,0
1999,76,0,1266,Clark Dennis,5,309,0
1999,76,0,6599,John Elliott,5,281,0
1999,76,0,6522,Ernie Els,5,204,0
1999,76,0,1374,Robin Freeman,5,285,0
1999,76,0,10963,Jimmy Green,5,261,0
1999,76,0,1724,Jeff Maggert,5,271,0
1999,76,0,10585,Scott McCarron,5,307,0
1999,76,0,1823,Larry Mize,5,236,0
1999,76,0,1926,Steve Pate,5,322,0
1999,76,0,20127,Chris Riley,5,279,0
1999,76,0,8375,Paul Stankowski,5,278,0
1999,76,0,2170,Hal Sutton,5,302,0
1999,93,0,10885,Robert Allenby,4,297,0
1999,93,0,6004,Stephen Ames,4,190,0
1999,93,0,20099,Doug Barron,4,316,0
1999,93,0,23614,Rich Beem,4,237,0
1999,93,0,1139,Olin Browne,4,286,0
1999,93,0,8931,Glen Day,4,328,0
1999,93,0,6036,Scott Dunlap,4,300,0
1999,93,0,1331,Rick Fehr,4,255,0
1999,93,0,7457,Steve Flesch,4,356,0
1999,93,0,1376,Bob Friend,4,403,0
1999,93,0,1378,David Frost,4,276,0
1999,93,0,12645,Brent Geiberger,4,355,0
1999,93,0,1418,Bill Glasson,4,277,0
1999,93,0,6617,Brian Henninger,4,339,0
1999,93,0,10860,Justin Leonard,4,343,0
1999,93,0,20213,Katsumasa Miyamoto,4,215,0
1999,93,0,10457,Frank Nobilo,4,289,0
1999,93,0,1968,Nick Price,4,196,0
1999,93,0,21959,Ted Purdy,4,232,0
1999,93,0,1996,Mike Reid,4,263,0
1999,93,0,2007,Larry Rinker,4,306,0
1999,93,0,2008,Lee Rinker,4,317,0
1999,93,0,10649,Tom Scherrer,4,327,0
1999,93,0,2104,Jeff Sluman,4,379,0
1999,93,0,2131,Mike Springer,4,304,0
1999,93,0,2133,Craig Stadler,4,175,0
1999,93,0,6581,David Sutherland,4,316,0
1999,93,0,6613,Tommy Tolles,4,279,0
1999,93,0,2223,Bob Tway,4,322,0
1999,122,0,7781,Ty Armstrong,3,271,0
1999,122,0,7867,Woody Austin,3,343,0
1999,122,0,20498,Briny Baird,3,287,0
1999,122,0,1072,Chip Beck,3,260,0
1999,122,0,1093,Ronnie Black,3,199,0
1999,122,0,10569,Mike Brisky,3,261,0
1999,122,0,1132,Mark Brooks,3,403,0
1999,122,0,1157,Tom Byrum,3,311,0
1999,122,0,1203,Russ Cochran,3,294,0
1999,122,0,7763,Doug Dunakey,3,307,0
1999,122,0,1313,Steve Elkington,3,237,0
1999,122,0,1320,Bob Estes,3,370,0
1999,122,0,1323,Brad Fabel,3,300,0
1999,122,0,1329,Brad Faxon,3,239,0
1999,122,0,1361,Dan Forsman,3,318,0
1999,122,0,10809,Jim Furyk,3,317,0
1999,122,0,19846,Brian Gay,3,251,0
1999,122,0,6044,Scott Gump,3,337,0
1999,122,0,8537,J.P. Hayes,3,329,0
1999,122,0,1510,Nolan Henke,3,294,0
1999,122,0,1706,Davis Love III,3,246,0
1999,122,0,8547,John Maginnes,3,321,0
1999,122,0,8045,Perry Moss,3,259,0
1999,122,0,8553,Lee Porter,3,311,0
1999,122,0,10213,Dicky Pride,3,300,0
1999,122,0,7749,Brett Quigley,3,211,0
1999,122,0,22292,David Seawell,3,187,0
1999,122,0,2321,Fuzzy Zoeller,3,184,0
1999,150,0,1014,Fulton Allem,2,249,0
1999,150,0,1040,Emlyn Aubrey,2,179,0
1999,150,0,1063,Ben Bates,2,346,0
1999,150,0,1127,Danny Briggs,2,265,0
1999,150,0,1261,Jay Delsing,2,273,0
1999,150,0,6621,Joe Durant,2,269,0
1999,150,0,6064,Jeff Gallagher,2,328,0
1999,150,0,1388,Robert Gamez,2,219,0
1999,150,0,1457,Jay Haas,2,273,0
1999,150,0,1599,Steve Jones,2,195,0
1999,150,0,1604,Steve Jurgensen,2,193,0
1999,150,0,1633,Tom Kite,2,197,0
1999,150,0,6012,Greg Kraft,2,334,0
1999,150,0,8993,Franklin Langham,2,350,0
1999,150,0,1705,Tim Loustalot,2,238,0
1999,150,0,6140,Sean Murphy,2,307,0
1999,150,0,1887,Mark O'Meara,2,193,0
1999,150,0,1905,Joe Ozaki,2,176,0
1999,150,0,10107,Deane Pappas,2,297,0
1999,150,0,12660,Jesper Parnevik,2,227,0
1999,150,0,1928,Corey Pavin,2,279,0
1999,150,0,1975,Tom Purtzer,2,189,0
1999,150,0,2010,Loren Roberts,2,304,0
1999,150,0,2023,Clarence Rose,2,177,0
1999,150,0,2101,Joey Sindelar,2,261,0
1999,150,0,2146,Payne Stewart,2,235,0
1999,150,0,6527,Steve Stricker,2,252,0
1999,150,0,6078,Esteban Toledo,2,363,0
1999,150,0,2242,Lanny Wadkins,2,199,0
1999,150,0,2294,Willie Wood,2,246,0
1999,180,0,1024,Billy Andrade,1,309,0
1999,180,0,1219,John Cook,1,277,0
1999,180,0,1549,Mike Hulbert,1,360,0
1999,180,0,10733,Kent Jones,1,241,0
1999,180,0,1748,Doug Martin,1,338,0
1999,180,0,1891,David Ogrin,1,201,0
1999,180,0,1920,Craig Parry,1,198,0
1999,180,0,2099,Scott Simpson,1,199,0
1999,180,0,2267,D.A. Weibring,1,177,0
1999,180,0,10425,Jay Williamson,1,293,0
1998,1,0,1945,Kenny Perry,15,274,0
1998,2,0,1553,John Huston,14,313,0
1998,2,0,1706,Davis Love III,14,252,0
1998,4,0,1226,Fred Couples,13,213,0
1998,4,0,2218,Ted Tryba,13,371,0
1998,6,0,12782,Tim Herron,12,323,0
1998,6,0,10585,Scott McCarron,12,283,0
1998,6,0,2170,Hal Sutton,12,359,0
1998,9,0,6251,Chris DiMarco,11,333,0
1998,9,0,1766,Billy Mayfair,11,303,0
1998,9,0,2101,Joey Sindelar,11,334,0
1998,12,0,1063,Ben Bates,10,354,0
1998,12,0,1249,John Daly,10,257,0
1998,12,0,2245,Grant Waite,10,332,0
1998,12,0,8793,Tiger Woods,10,241,0
1998,16,0,1261,Jay Delsing,9,275,0
1998,16,0,10809,Jim Furyk,9,345,0
1998,16,0,1408,Kelly Gibson,9,384,0
1998,16,0,6613,Tommy Tolles,9,298,0
1998,20,0,1042,Paul Azinger,8,238,0
1998,20,0,1132,Mark Brooks,8,309,0
1998,20,0,1191,Barry Cheesman,8,333,0
1998,20,0,9011,David Duval,8,274,0
1998,20,0,7457,Steve Flesch,8,340,0
1998,20,0,21805,Harrison Frazar,8,281,0
1998,20,0,1577,Lee Janzen,8,275,0
1998,20,0,8993,Franklin Langham,8,335,0
1998,20,0,1891,David Ogrin,8,344,0
1998,20,0,1968,Nick Price,8,184,0
1998,20,0,2106,Chris Smith,8,321,0
1998,20,0,2131,Mike Springer,8,368,0
1998,20,0,6527,Steve Stricker,8,279,0
1998,33,0,1133,Billy Ray Brown,7,233,0
1998,33,0,1161,Mark Calcavecchia,7,324,0
1998,33,0,1175,Jim Carter,7,368,0
1998,33,0,19881,Robert Damron,7,312,0
1998,33,0,8931,Glen Day,7,306,0
1998,33,0,1376,Bob Friend,7,300,0
1998,33,0,1599,Steve Jones,7,263,0
1998,33,0,1619,Skip Kendall,7,370,0
1998,33,0,1761,Len Mattiace,7,369,0
1998,33,0,1943,Chris Perry,7,377,0
1998,33,0,6567,Vijay Singh,7,306,0
1998,33,0,6595,Kevin Sutherland,7,343,0
1998,33,0,2206,David Toms,7,298,0
1998,33,0,2223,Bob Tway,7,342,0
1998,33,0,8385,Omar Uresti,7,377,0
1998,33,0,12755,Vance Veazey,7,233,0
1998,33,0,2239,Scott Verplank,7,323,0
1998,33,0,2246,Duffy Waldorf,7,289,0
1998,33,0,10423,Mike Weir,7,274,0
1998,52,0,1035,Tommy Armour III,6,301,0
1998,52,0,1072,Chip Beck,6,225,0
1998,52,0,1185,Brandel Chamblee,6,278,0
1998,52,0,6621,Joe Durant,6,262,0
1998,52,0,1320,Bob Estes,6,358,0
1998,52,0,1323,Brad Fabel,6,313,0
1998,52,0,1468,Gary Hallberg,6,212,0
1998,52,0,1533,P.H. Horgan III,6,368,0
1998,52,0,20094,Jonathan Kaye,6,209,0
1998,52,0,11032,Frank Lickliter II,6,359,0
1998,52,0,6090,Jim McGovern,6,304,0
1998,52,0,2008,Lee Rinker,6,363,0
1998,52,0,2214,Kirk Triplett,6,282,0
1998,65,0,1024,Billy Andrade,5,328,0
1998,65,0,20098,Stuart Appleby,5,215,0
1998,65,0,1093,Ronnie Black,5,277,0
1998,65,0,1203,Russ Cochran,5,306,0
1998,65,0,1282,Trevor Dodds,5,316,0
1998,65,0,6522,Ernie Els,5,148,0
1998,65,0,6064,Jeff Gallagher,5,317,0
1998,65,0,1457,Jay Haas,5,278,0
1998,65,0,6575,Dudley Hart,5,285,0
1998,65,0,1527,Scott Hoch,5,329,0
1998,65,0,1604,Steve Jurgensen,5,258,0
1998,65,0,10860,Justin Leonard,5,321,0
1998,65,0,1705,Tim Loustalot,5,230,0
1998,65,0,1771,Blaine McCallister,5,362,0
1998,65,0,1810,Phil Mickelson,5,253,0
1998,65,0,10457,Frank Nobilo,5,204,0
1998,65,0,1887,Mark O'Meara,5,218,0
1998,65,0,1941,Tom Pernice Jr.,5,277,0
1998,65,0,7749,Brett Quigley,5,308,0
1998,65,0,2135,Mike Standly,5,308,0
1998,65,0,6581,David Sutherland,5,325,0
1998,65,0,7753,Kevin Wentworth,5,273,0
1998,65,0,2279,Mark Wiebe,5,272,0
1998,88,0,1014,Fulton Allem,4,213,0
1998,88,0,6004,Stephen Ames,4,190,0
1998,88,0,19824,Craig Barlow,4,286,0
1998,88,0,1060,Dave Barr,4,211,0
1998,88,0,20099,Doug Barron,4,317,0
1998,88,0,10569,Mike Brisky,4,304,0
1998,88,0,1139,Olin Browne,4,247,0
1998,88,0,21584,Richie Coughlan,4,333,0
1998,88,0,1266,Clark Dennis,4,264,0
1998,88,0,1302,R.W. Eaks,4,284,0
1998,88,0,1306,David Edwards,4,265,0
1998,88,0,1326,Nick Faldo,4,157,0
1998,88,0,1334,Keith Fergus,4,182,0
1998,88,0,1353,Bruce Fleisher,4,272,0
1998,88,0,1378,David Frost,4,245,0
1998,88,0,1381,Fred Funk,4,385,0
1998,88,0,1414,Bob Gilder,4,303,0
1998,88,0,6617,Brian Henninger,4,336,0
1998,88,0,8545,Glen Hnatiuk,4,290,0
1998,88,0,10962,Bradley Hughes,4,218,0
1998,88,0,10207,Jimmy Johnston,4,203,0
1998,88,0,10733,Kent Jones,4,314,0
1998,88,0,1607,Brian Kamm,4,255,0
1998,88,0,6332,Neal Lancaster,4,302,0
1998,88,0,1685,J.L. Lewis,4,344,0
1998,88,0,1905,Joe Ozaki,4,199,0
1998,88,0,12660,Jesper Parnevik,4,227,0
1998,88,0,1926,Steve Pate,4,293,0
1998,88,0,2007,Larry Rinker,4,332,0
1998,88,0,7087,Hugh Royer III,4,290,0
1998,88,0,2104,Jeff Sluman,4,361,0
1998,88,0,8375,Paul Stankowski,4,274,0
1998,88,0,2146,Payne Stewart,4,245,0
1998,88,0,2241,Bobby Wadkins,4,327,0
1998,88,0,2321,Fuzzy Zoeller,4,240,0
1998,123,0,1006,John Adams,3,224,0
1998,123,0,6214,Guy Boros,3,295,0
1998,123,0,1116,Michael Bradley,3,247,0
1998,123,0,1157,Tom Byrum,3,322,0
1998,123,0,7569,Mark Carnevale,3,325,0
1998,123,0,20229,Stewart Cink,3,337,0
1998,123,0,10195,Tim Conley,3,250,0
1998,123,0,1219,John Cook,3,310,0
1998,123,0,6056,Jim Estes,3,220,0
1998,123,0,1329,Brad Faxon,3,278,0
1998,123,0,1331,Rick Fehr,3,217,0
1998,123,0,12645,Brent Geiberger,3,305,0
1998,123,0,1549,Mike Hulbert,3,315,0
1998,123,0,6012,Greg Kraft,3,288,0
1998,123,0,1677,Tom Lehman,3,262,0
1998,123,0,1717,Sandy Lyle,3,223,0
1998,123,0,8339,Spike McRoy,3,316,0
1998,123,0,1823,Larry Mize,3,278,0
1998,123,0,1920,Craig Parry,3,145,0
1998,123,0,10213,Dicky Pride,3,213,0
1998,123,0,2023,Clarence Rose,3,358,0
1998,123,0,6132,Sonny Skinner,3,313,0
1998,123,0,2133,Craig Stadler,3,217,0
1998,123,0,21631,Iain Steel,3,224,0
1998,123,0,7101,Dave Stockton Jr.,3,215,0
1998,123,0,2159,Curtis Strange,3,179,0
1998,149,0,1096,Phil Blackmar,2,288,0
1998,149,0,19883,Joe Daley,2,239,0
1998,149,0,1388,Robert Gamez,2,261,0
1998,149,0,6643,Paul Goydos,2,349,0
1998,149,0,6044,Scott Gump,2,333,0
1998,149,0,8537,J.P. Hayes,2,236,0
1998,149,0,20154,Guy Hill,2,252,0
1998,149,0,21007,Gabriel Hjertstedt,2,253,0
1998,149,0,1569,Peter Jacobsen,2,224,0
1998,149,0,6315,Pete Jordan,2,321,0
1998,149,0,8075,Jerry Kelly,2,339,0
1998,149,0,1633,Tom Kite,2,219,0
1998,149,0,1723,Andrew Magee,2,326,0
1998,149,0,1724,Jeff Maggert,2,275,0
1998,149,0,1748,Doug Martin,2,382,0
1998,149,0,1960,Don Pooley,2,208,0
1998,149,0,8553,Lee Porter,2,319,0
1998,149,0,2002,John Riegger,2,298,0
1998,149,0,2010,Loren Roberts,2,261,0
1998,149,0,7707,Mike Small,2,231,0
1998,149,0,6078,Esteban Toledo,2,327,0
1998,149,0,2267,D.A. Weibring,2,232,0
1998,171,0,1068,Andy Bean,1,172,0
1998,171,0,1098,Jay Don Blake,1,269,0
1998,171,0,1201,Lennie Clements,1,241,0
1998,171,0,1361,Dan Forsman,1,274,0
1998,171,0,6270,Bobby Gage,1,178,0
1998,171,0,1385,Jim Gallagher Jr.,1,260,0
1998,171,0,1510,Nolan Henke,1,308,0
1998,171,0,1707,Steve Lowery,1,301,0
1998,171,0,1797,Rocco Mediate,1,291,0
1998,171,0,7235,John Morse,1,207,0
1998,171,0,21593,Keith Nolan,1,197,0
1998,171,0,1928,Corey Pavin,1,230,0
1998,171,0,1996,Mike Reid,1,276,0
1998,171,0,2099,Scott Simpson,1,189,0
1998,171,0,12663,Phil Tataurangi,1,268,0
1998,171,0,2294,Willie Wood,1,279,0
1998,171,0,6791,Mark Wurtz,1,199,0
1997,1,0,12782,Tim Herron,16,347,0
1997,1,0,1707,Steve Lowery,16,353,0
1997,3,0,1161,Mark Calcavecchia,14,333,0
1997,4,0,1723,Andrew Magee,12,357,0
1997,4,0,8793,Tiger Woods,12,261,0
1997,6,0,1706,Davis Love III,11,295,0
1997,6,0,8375,Paul Stankowski,11,343,0
1997,6,0,2218,Ted Tryba,11,367,0
1997,9,0,7003,David Berganio Jr.,10,294,0
1997,9,0,6567,Vijay Singh,10,281,0
1997,11,0,1157,Tom Byrum,9,345,0
1997,11,0,9011,David Duval,9,339,0
1997,11,0,6617,Brian Henninger,9,277,0
1997,11,0,1533,P.H. Horgan III,9,305,0
1997,11,0,2146,Payne Stewart,9,284,0
1997,16,0,12387,Michael Christie,8,336,0
1997,16,0,19881,Robert Damron,8,335,0
1997,16,0,10585,Scott McCarron,8,275,0
1997,16,0,6090,Jim McGovern,8,307,0
1997,16,0,1887,Mark O'Meara,8,261,0
1997,16,0,7101,Dave Stockton Jr.,8,341,0
1997,16,0,2246,Duffy Waldorf,8,316,0
1997,23,0,1024,Billy Andrade,7,357,0
1997,23,0,1072,Chip Beck,7,249,0
1997,23,0,1116,Michael Bradley,7,301,0
1997,23,0,1133,Billy Ray Brown,7,235,0
1997,23,0,1361,Dan Forsman,7,300,0
1997,23,0,10809,Jim Furyk,7,333,0
1997,23,0,6643,Paul Goydos,7,344,0
1997,23,0,1527,Scott Hoch,7,296,0
1997,23,0,1577,Lee Janzen,7,336,0
1997,23,0,8265,Eric Johnson,7,292,0
1997,23,0,1677,Tom Lehman,7,241,0
1997,23,0,1761,Len Mattiace,7,373,0
1997,23,0,1766,Billy Mayfair,7,300,0
1997,23,0,2104,Jeff Sluman,7,325,0
1997,23,0,2135,Mike Standly,7,285,0
1997,23,0,2245,Grant Waite,7,350,0
1997,39,0,1006,John Adams,6,287,0
1997,39,0,1014,Fulton Allem,6,207,0
1997,39,0,20098,Stuart Appleby,6,260,0
1997,39,0,20099,Doug Barron,6,369,0
1997,39,0,1139,Olin Browne,6,341,0
1997,39,0,1175,Jim Carter,6,337,0
1997,39,0,1249,John Daly,6,174,0
1997,39,0,6034,Marco Dawson,6,293,0
1997,39,0,1408,Kelly Gibson,6,409,0
1997,39,0,6044,Scott Gump,6,369,0
1997,39,0,1457,Jay Haas,6,275,0
1997,39,0,1599,Steve Jones,6,259,0
1997,39,0,8075,Jerry Kelly,6,329,0
1997,39,0,11032,Frank Lickliter II,6,289,0
1997,39,0,1724,Jeff Maggert,6,309,0
1997,39,0,1797,Rocco Mediate,6,283,0
1997,39,0,1926,Steve Pate,6,286,0
1997,39,0,7749,Brett Quigley,6,391,0
1997,39,0,2166,Chip Sullivan,6,263,0
1997,39,0,6613,Tommy Tolles,6,301,0
1997,39,0,2223,Bob Tway,6,314,0
1997,60,0,1035,Tommy Armour III,5,335,0
1997,60,0,1096,Phil Blackmar,5,308,0
1997,60,0,6214,Guy Boros,5,267,0
1997,60,0,1143,Brad Bryant,5,287,0
1997,60,0,1185,Brandel Chamblee,5,266,0
1997,60,0,1226,Fred Couples,5,198,0
1997,60,0,10875,Todd Demsey,5,257,0
1997,60,0,1288,Ed Dougherty,5,224,0
1997,60,0,1307,Joel Edwards,5,327,0
1997,60,0,1385,Jim Gallagher Jr.,5,308,0
1997,60,0,1388,Robert Gamez,5,290,0
1997,60,0,8537,J.P. Hayes,5,333,0
1997,60,0,21007,Gabriel Hjertstedt,5,255,0
1997,60,0,10962,Bradley Hughes,5,259,0
1997,60,0,1553,John Huston,5,262,0
1997,60,0,7465,Hideki Kase,5,297,0
1997,60,0,1633,Tom Kite,5,245,0
1997,60,0,10860,Justin Leonard,5,325,0
1997,60,0,1810,Phil Mickelson,5,245,0
1997,60,0,1864,Larry Nelson,5,182,0
1997,60,0,10457,Frank Nobilo,5,212,0
1997,60,0,1891,David Ogrin,5,306,0
1997,60,0,12660,Jesper Parnevik,5,239,0
1997,60,0,2095,Larry Silveira,5,205,0
1997,60,0,2133,Craig Stadler,5,231,0
1997,60,0,2170,Hal Sutton,5,337,0
1997,60,0,2206,David Toms,5,305,0
1997,60,0,2279,Mark Wiebe,5,271,0
1997,60,0,2321,Fuzzy Zoeller,5,173,0
1997,89,0,7867,Woody Austin,4,305,0
1997,89,0,10505,Shane Bertsch,4,291,0
1997,89,0,1219,John Cook,4,339,0
1997,89,0,6036,Scott Dunlap,4,309,0
1997,89,0,6621,Joe Durant,4,347,0
1997,89,0,1306,David Edwards,4,230,0
1997,89,0,6522,Ernie Els,4,204,0
1997,89,0,12645,Brent Geiberger,4,331,0
1997,89,0,1418,Bill Glasson,4,246,0
1997,89,0,10963,Jimmy Green,4,289,0
1997,89,0,1444,Ken Green,4,185,0
1997,89,0,1569,Peter Jacobsen,4,291,0
1997,89,0,6315,Pete Jordan,4,359,0
1997,89,0,1619,Skip Kendall,4,367,0
1997,89,0,6012,Greg Kraft,4,361,0
1997,89,0,6332,Neal Lancaster,4,361,0
1997,89,0,8547,John Maginnes,4,359,0
1997,89,0,8339,Spike McRoy,4,239,0
1997,89,0,1920,Craig Parry,4,224,0
1997,89,0,1941,Tom Pernice Jr.,4,299,0
1997,89,0,2008,Lee Rinker,4,321,0
1997,89,0,2049,Gene Sauers,4,184,0
1997,89,0,2099,Scott Simpson,4,281,0
1997,89,0,2100,Tim Simpson,4,221,0
1997,89,0,2101,Joey Sindelar,4,355,0
1997,89,0,2131,Mike Springer,4,224,0
1997,89,0,6527,Steve Stricker,4,203,0
1997,89,0,6581,David Sutherland,4,287,0
1997,89,0,6577,John Wilson,4,315,0
1997,118,0,1093,Ronnie Black,3,282,0
1997,118,0,1132,Mark Brooks,3,299,0
1997,118,0,10837,Kevin Burton,3,255,0
1997,118,0,20229,Stewart Cink,3,323,0
1997,118,0,1201,Lennie Clements,3,306,0
1997,118,0,6144,John Dowdall,3,207,0
1997,118,0,7267,Allen Doyle,3,298,0
1997,118,0,1313,Steve Elkington,3,207,0
1997,118,0,1320,Bob Estes,3,233,0
1997,118,0,1323,Brad Fabel,3,324,0
1997,118,0,1329,Brad Faxon,3,235,0
1997,118,0,1331,Rick Fehr,3,243,0
1997,118,0,6575,Dudley Hart,3,274,0
1997,118,0,1487,Jeff Hart,3,287,0
1997,118,0,1510,Nolan Henke,3,284,0
1997,118,0,10207,Jimmy Johnston,3,301,0
1997,118,0,1682,Wayne Levi,3,238,0
1997,118,0,1717,Sandy Lyle,3,227,0
1997,118,0,1748,Doug Martin,3,355,0
1997,118,0,1771,Blaine McCallister,3,293,0
1997,118,0,5466,Jack O'Keefe,3,267,0
1997,118,0,1943,Chris Perry,3,372,0
1997,118,0,1945,Kenny Perry,3,265,0
1997,118,0,1960,Don Pooley,3,242,0
1997,118,0,8553,Lee Porter,3,293,0
1997,118,0,1975,Tom Purtzer,3,239,0
1997,118,0,20158,Anthony Rodriguez,3,206,0
1997,118,0,2023,Clarence Rose,3,321,0
1997,118,0,2115,Taylor Smith,3,283,0
1997,118,0,2214,Kirk Triplett,3,307,0
1997,118,0,2267,D.A. Weibring,3,203,0
1997,149,0,1011,Rafael Alarcon,2,271,0
1997,149,0,1040,Emlyn Aubrey,2,241,0
1997,149,0,1042,Paul Azinger,2,204,0
1997,149,0,1098,Jay Don Blake,2,314,0
1997,149,0,10569,Mike Brisky,2,347,0
1997,149,0,6124,Patrick Burke,2,214,0
1997,149,0,1196,Brian Claar,2,204,0
1997,149,0,12826,Paul Claxton,2,228,0
1997,149,0,1203,Russ Cochran,2,356,0
1997,149,0,8931,Glen Day,2,290,0
1997,149,0,1261,Jay Delsing,2,297,0
1997,149,0,1326,Nick Faldo,2,155,0
1997,149,0,1334,Keith Fergus,2,206,0
1997,149,0,1378,David Frost,2,221,0
1997,149,0,1381,Fred Funk,2,393,0
1997,149,0,1549,Mike Hulbert,2,341,0
1997,149,0,1823,Larry Mize,2,234,0
1997,149,0,1876,Greg Norman,2,160,0
1997,149,0,1928,Corey Pavin,2,206,0
1997,149,0,1968,Nick Price,2,178,0
1997,149,0,1996,Mike Reid,2,273,0
1997,149,0,2007,Larry Rinker,2,343,0
1997,149,0,7087,Hugh Royer III,2,287,0
1997,149,0,6132,Sonny Skinner,2,245,0
1997,149,0,2159,Curtis Strange,2,220,0
1997,149,0,12663,Phil Tataurangi,2,247,0
1997,149,0,2225,Howard Twitty,2,164,0
1997,149,0,8385,Omar Uresti,2,353,0
1997,149,0,2239,Scott Verplank,2,220,0
1997,149,0,2256,Tom Watson,2,171,0
1997,149,0,2294,Willie Wood,2,295,0
1997,180,0,7363,Craig Bowden,1,185,0
1997,180,0,1353,Bruce Fleisher,1,205,0
1997,180,0,1374,Robin Freeman,1,234,0
1997,180,0,1475,Donnie Hammond,1,244,0
1997,180,0,1489,Steve Hart,1,244,0
1997,180,0,7547,Craig Kanada,1,193,0
1997,180,0,6515,Shaun Micheel,1,179,0
1997,180,0,7235,John Morse,1,311,0
1997,180,0,1905,Joe Ozaki,1,232,0
1997,180,0,2010,Loren Roberts,1,261,0
1997,180,0,6595,Kevin Sutherland,1,287,0
1997,180,0,2226,Tray Tyner,1,265,0
1997,180,0,2242,Lanny Wadkins,1,222,0
1997,180,0,2292,Bob Wolcott,1,250,0
1996,1,0,1161,Mark Calcavecchia,13,363,0
1996,2,0,1408,Kelly Gibson,12,395,0
1996,2,0,6567,Vijay Singh,12,316,0
1996,2,0,8385,Omar Uresti,12,333,0
1996,5,0,6332,Neal Lancaster,11,355,0
1996,5,0,1706,Davis Love III,11,270,0
1996,5,0,20095,Carl Paulson,11,301,0
1996,8,0,1175,Jim Carter,10,373,0
1996,8,0,9011,David Duval,10,257,0
1996,8,0,10809,Jim Furyk,10,345,0
1996,8,0,10649,Tom Scherrer,10,321,0
1996,8,0,2170,Hal Sutton,10,321,0
1996,13,0,8931,Glen Day,9,308,0
1996,13,0,6036,Scott Dunlap,9,279,0
1996,13,0,1510,Nolan Henke,9,293,0
1996,13,0,1707,Steve Lowery,9,347,0
1996,13,0,10585,Scott McCarron,9,297,0
1996,13,0,2256,Tom Watson,9,168,0
1996,13,0,6577,John Wilson,9,289,0
1996,20,0,20051,Joe Acosta Jr.,8,253,0
1996,20,0,7867,Woody Austin,8,413,0
1996,20,0,1226,Fred Couples,8,228,0
1996,20,0,1261,Jay Delsing,8,298,0
1996,20,0,1307,Joel Edwards,8,333,0
1996,20,0,1374,Robin Freeman,8,357,0
1996,20,0,1388,Robert Gamez,8,269,0
1996,20,0,8337,Mike Heinen,8,336,0
1996,20,0,1527,Scott Hoch,8,333,0
1996,20,0,1599,Steve Jones,8,261,0
1996,20,0,1891,David Ogrin,8,368,0
1996,20,0,2008,Lee Rinker,8,355,0
1996,20,0,2101,Joey Sindelar,8,317,0
1996,20,0,2106,Chris Smith,8,275,0
1996,20,0,2131,Mike Springer,8,303,0
1996,20,0,2186,Brian Tennyson,8,267,0
1996,20,0,6613,Tommy Tolles,8,321,0
1996,37,0,1006,John Adams,7,285,0
1996,37,0,1068,Andy Bean,7,265,0
1996,37,0,1116,Michael Bradley,7,303,0
1996,37,0,1133,Billy Ray Brown,7,272,0
1996,37,0,10203,Bryan Gorman,7,241,0
1996,37,0,6643,Paul Goydos,7,293,0
1996,37,0,12626,Joey Gullion,7,297,0
1996,37,0,12782,Tim Herron,7,361,0
1996,37,0,11032,Frank Lickliter II,7,295,0
1996,37,0,1810,Phil Mickelson,7,261,0
1996,37,0,2133,Craig Stadler,7,192,0
1996,37,0,8375,Paul Stankowski,7,243,0
1996,37,0,2146,Payne Stewart,7,314,0
1996,37,0,7101,Dave Stockton Jr.,7,320,0
1996,37,0,2246,Duffy Waldorf,7,232,0
1996,52,0,1096,Phil Blackmar,6,329,0
1996,52,0,1098,Jay Don Blake,6,321,0
1996,52,0,6214,Guy Boros,6,326,0
1996,52,0,1143,Brad Bryant,6,297,0
1996,52,0,1156,Curt Byrum,6,191,0
1996,52,0,19883,Joe Daley,6,271,0
1996,52,0,6034,Marco Dawson,6,320,0
1996,52,0,1306,David Edwards,6,287,0
1996,52,0,1334,Keith Fergus,6,305,0
1996,52,0,1385,Jim Gallagher Jr.,6,271,0
1996,52,0,1444,Ken Green,6,281,0
1996,52,0,1569,Peter Jacobsen,6,218,0
1996,52,0,1604,Steve Jurgensen,6,303,0
1996,52,0,8075,Jerry Kelly,6,325,0
1996,52,0,6012,Greg Kraft,6,283,0
1996,52,0,1723,Andrew Magee,6,261,0
1996,52,0,1724,Jeff Maggert,6,311,0
1996,52,0,1823,Larry Mize,6,265,0
1996,52,0,1905,Joe Ozaki,6,240,0
1996,52,0,2135,Mike Standly,6,279,0
1996,52,0,2241,Bobby Wadkins,6,324,0
1996,73,0,20098,Stuart Appleby,5,349,0
1996,73,0,1035,Tommy Armour III,5,186,0
1996,73,0,1139,Olin Browne,5,325,0
1996,73,0,6124,Patrick Burke,5,256,0
1996,73,0,1203,Russ Cochran,5,291,0
1996,73,0,1219,John Cook,5,305,0
1996,73,0,6599,John Elliott,5,180,0
1996,73,0,1323,Brad Fabel,5,305,0
1996,73,0,1326,Nick Faldo,5,188,0
1996,73,0,1331,Rick Fehr,5,262,0
1996,73,0,6617,Brian Henninger,5,290,0
1996,73,0,1553,John Huston,5,299,0
1996,73,0,1607,Brian Kamm,5,317,0
1996,73,0,1682,Wayne Levi,5,245,0
1996,73,0,1766,Billy Mayfair,5,315,0
1996,73,0,1864,Larry Nelson,5,267,0
1996,73,0,12660,Jesper Parnevik,5,251,0
1996,73,0,6657,Steve Rintoul,5,257,0
1996,73,0,2023,Clarence Rose,5,299,0
1996,73,0,10215,Charlie Rymer,5,313,0
1996,73,0,2115,Taylor Smith,5,267,0
1996,73,0,6595,Kevin Sutherland,5,373,0
1996,73,0,2218,Ted Tryba,5,365,0
1996,73,0,2242,Lanny Wadkins,5,217,0
1996,97,0,1014,Fulton Allem,4,192,0
1996,97,0,1040,Emlyn Aubrey,4,206,0
1996,97,0,1072,Chip Beck,4,331,0
1996,97,0,1142,Bart Bryant,4,263,0
1996,97,0,1157,Tom Byrum,4,272,0
1996,97,0,1196,Brian Claar,4,362,0
1996,97,0,1200,Keith Clearwater,4,270,0
1996,97,0,1313,Steve Elkington,4,220,0
1996,97,0,6522,Ernie Els,4,212,0
1996,97,0,1378,David Frost,4,248,0
1996,97,0,6044,Scott Gump,4,345,0
1996,97,0,1457,Jay Haas,4,320,0
1996,97,0,1549,Mike Hulbert,4,335,0
1996,97,0,6315,Pete Jordan,4,249,0
1996,97,0,1677,Tom Lehman,4,270,0
1996,97,0,1701,Bob Lohr,4,329,0
1996,97,0,1761,Len Mattiace,4,303,0
1996,97,0,1771,Blaine McCallister,4,314,0
1996,97,0,1783,Mark McCumber,4,184,0
1996,97,0,1876,Greg Norman,4,170,0
1996,97,0,1945,Kenny Perry,4,276,0
1996,97,0,1958,Dan Pohl,4,201,0
1996,97,0,1968,Nick Price,4,183,0
1996,97,0,10213,Dicky Pride,4,280,0
1996,97,0,7087,Hugh Royer III,4,321,0
1996,97,0,6066,Gary Rusnak,4,269,0
1996,97,0,2104,Jeff Sluman,4,353,0
1996,97,0,6527,Steve Stricker,4,269,0
1996,97,0,2167,Mike Sullivan,4,313,0
1996,97,0,2206,David Toms,4,315,0
1996,97,0,2214,Kirk Triplett,4,244,0
1996,97,0,2223,Bob Tway,4,275,0
1996,97,0,2245,Grant Waite,4,267,0
1996,97,0,2279,Mark Wiebe,4,255,0
1996,97,0,2321,Fuzzy Zoeller,4,190,0
1996,132,0,1060,Dave Barr,3,198,0
1996,132,0,1093,Ronnie Black,3,292,0
1996,132,0,1132,Mark Brooks,3,339,0
1996,132,0,1185,Brandel Chamblee,3,237,0
1996,132,0,1249,John Daly,3,252,0
1996,132,0,1329,Brad Faxon,3,272,0
1996,132,0,1361,Dan Forsman,3,217,0
1996,132,0,1475,Donnie Hammond,3,218,0
1996,132,0,1487,Jeff Hart,3,230,0
1996,132,0,1603,Jeff Julian,3,237,0
1996,132,0,8993,Franklin Langham,3,317,0
1996,132,0,10860,Justin Leonard,3,343,0
1996,132,0,8547,John Maginnes,3,275,0
1996,132,0,1837,Gil Morgan,3,207,0
1996,132,0,1887,Mark O'Meara,3,281,0
1996,132,0,1928,Corey Pavin,3,268,0
1996,132,0,1943,Chris Perry,3,236,0
1996,132,0,1971,Dillard Pruitt,3,273,0
1996,132,0,1975,Tom Purtzer,3,279,0
1996,132,0,2049,Gene Sauers,3,280,0
1996,132,0,2099,Scott Simpson,3,250,0
1996,132,0,2171,Mike Swartz,3,249,0
1996,132,0,19913,Ron Whittaker,3,207,0
1996,132,0,10425,Jay Williamson,3,271,0
1996,156,0,1042,Paul Azinger,2,276,0
1996,156,0,10505,Shane Bertsch,2,255,0
1996,156,0,1201,Lennie Clements,2,301,0
1996,156,0,1235,Ben Crenshaw,2,211,0
1996,156,0,1320,Bob Estes,2,221,0
1996,156,0,1381,Fred Funk,2,363,0
1996,156,0,1414,Bob Gilder,2,283,0
1996,156,0,1435,Wayne Grady,2,222,0
1996,156,0,1557,John Inman,2,271,0
1996,156,0,1577,Lee Janzen,2,327,0
1996,156,0,1725,John Mahaffey,2,232,0
1996,156,0,6090,Jim McGovern,2,311,0
1996,156,0,1797,Rocco Mediate,2,240,0
1996,156,0,12781,Scott Medlin,2,185,0
1996,156,0,7235,John Morse,2,337,0
1996,156,0,6140,Sean Murphy,2,279,0
1996,156,0,2010,Loren Roberts,2,271,0
1996,156,0,2201,Jim Thorpe,2,188,0
1996,156,0,2303,Robert Wrenn,2,253,0
1996,175,0,1024,Billy Andrade,1,300,0
1996,175,0,10569,Mike Brisky,1,289,0
1996,175,0,1346,Ed Fiori,1,213,0
1996,175,0,6064,Jeff Gallagher,1,293,0
1996,175,0,1633,Tom Kite,1,228,0
1996,175,0,1748,Doug Martin,1,329,0
1996,175,0,1920,Craig Parry,1,276,0
1996,175,0,20505,Lucas Parsons,1,195,0
1996,175,0,1938,David Peoples,1,189,0
1996,175,0,1996,Mike Reid,1,250,0
1996,175,0,20259,Hisayuki Sasaki,1,234,0
1996,175,0,2159,Curtis Strange,1,269,0
1996,175,0,2226,Tray Tyner,1,172,0
1996,175,0,2267,D.A. Weibring,1,170,0
1995,1,0,1408,Kelly Gibson,13,361,0
1995,1,0,1706,Davis Love III,13,299,0
1995,3,0,20051,Joe Acosta Jr.,12,265,0
1995,3,0,1006,John Adams,12,300,0
1995,3,0,1042,Paul Azinger,12,265,0
1995,3,0,1161,Mark Calcavecchia,12,354,0
1995,3,0,1444,Ken Green,12,234,0
1995,3,0,10585,Scott McCarron,12,270,0
1995,9,0,7867,Woody Austin,11,392,0
1995,9,0,1329,Brad Faxon,11,293,0
1995,9,0,6567,Vijay Singh,11,256,0
1995,9,0,2135,Mike Standly,11,322,0
1995,13,0,1116,Michael Bradley,10,303,0
1995,13,0,1385,Jim Gallagher Jr.,10,338,0
1995,13,0,1457,Jay Haas,10,297,0
1995,13,0,1607,Brian Kamm,10,326,0
1995,13,0,1707,Steve Lowery,10,369,0
1995,13,0,6613,Tommy Tolles,10,285,0
1995,13,0,2218,Ted Tryba,10,358,0
1995,20,0,1132,Mark Brooks,9,334,0
1995,20,0,1361,Dan Forsman,9,280,0
1995,20,0,8337,Mike Heinen,9,306,0
1995,20,0,20094,Jonathan Kaye,9,229,0
1995,20,0,1723,Andrew Magee,9,305,0
1995,20,0,1890,Brett Ogle,9,212,0
1995,20,0,7101,Dave Stockton Jr.,9,324,0
1995,20,0,6527,Steve Stricker,9,296,0
1995,20,0,2225,Howard Twitty,9,310,0
1995,29,0,1143,Brad Bryant,8,334,0
1995,29,0,8931,Glen Day,8,316,0
1995,29,0,9011,David Duval,8,312,0
1995,29,0,1418,Bill Glasson,8,255,0
1995,29,0,1553,John Huston,8,285,0
1995,29,0,1569,Peter Jacobsen,8,311,0
1995,29,0,1599,Steve Jones,8,279,0
1995,29,0,12660,Jesper Parnevik,8,228,0
1995,29,0,2104,Jeff Sluman,8,352,0
1995,29,0,2146,Payne Stewart,8,316,0
1995,29,0,2170,Hal Sutton,8,348,0
1995,29,0,2245,Grant Waite,8,298,0
1995,29,0,2246,Duffy Waldorf,8,318,0
1995,29,0,6577,John Wilson,8,346,0
1995,43,0,1035,Tommy Armour III,7,326,0
1995,43,0,1096,Phil Blackmar,7,277,0
1995,43,0,6214,Guy Boros,7,334,0
1995,43,0,1156,Curt Byrum,7,371,0
1995,43,0,1226,Fred Couples,7,192,0
1995,43,0,1261,Jay Delsing,7,266,0
1995,43,0,1527,Scott Hoch,7,335,0
1995,43,0,1748,Doug Martin,7,322,0
1995,43,0,1797,Rocco Mediate,7,172,0
1995,43,0,1810,Phil Mickelson,7,256,0
1995,43,0,1837,Gil Morgan,7,248,0
1995,43,0,1926,Steve Pate,7,327,0
1995,43,0,1927,Dennis Paulson,7,290,0
1995,43,0,2010,Loren Roberts,7,282,0
1995,43,0,10215,Charlie Rymer,7,267,0
1995,43,0,2133,Craig Stadler,7,249,0
1995,43,0,2239,Scott Verplank,7,287,0
1995,60,0,1024,Billy Andrade,6,308,0
1995,60,0,7721,Pat Bates,6,290,0
1995,60,0,1098,Jay Don Blake,6,309,0
1995,60,0,6124,Patrick Burke,6,275,0
1995,60,0,1175,Jim Carter,6,346,0
1995,60,0,1185,Brandel Chamblee,6,261,0
1995,60,0,1200,Keith Clearwater,6,247,0
1995,60,0,1219,John Cook,6,286,0
1995,60,0,1320,Bob Estes,6,301,0
1995,60,0,1334,Keith Fergus,6,293,0
1995,60,0,10809,Jim Furyk,6,376,0
1995,60,0,20095,Carl Paulson,6,217,0
1995,60,0,1945,Kenny Perry,6,312,0
1995,60,0,1975,Tom Purtzer,6,198,0
1995,60,0,2008,Lee Rinker,6,323,0
1995,60,0,2101,Joey Sindelar,6,244,0
1995,60,0,2214,Kirk Triplett,6,352,0
1995,77,0,1093,Ronnie Black,5,320,0
1995,77,0,10569,Mike Brisky,5,302,0
1995,77,0,1142,Bart Bryant,5,298,0
1995,77,0,7569,Mark Carnevale,5,261,0
1995,77,0,1196,Brian Claar,5,326,0
1995,77,0,1249,John Daly,5,243,0
1995,77,0,1313,Steve Elkington,5,225,0
1995,77,0,1331,Rick Fehr,5,268,0
1995,77,0,1388,Robert Gamez,5,283,0
1995,77,0,1458,Jerry Haas,5,288,0
1995,77,0,6575,Dudley Hart,5,346,0
1995,77,0,1550,Ed Humenik,5,314,0
1995,77,0,6315,Pete Jordan,5,196,0
1995,77,0,1619,Skip Kendall,5,344,0
1995,77,0,6332,Neal Lancaster,5,315,0
1995,77,0,10860,Justin Leonard,5,378,0
1995,77,0,1725,John Mahaffey,5,290,0
1995,77,0,1766,Billy Mayfair,5,329,0
1995,77,0,6090,Jim McGovern,5,336,0
1995,77,0,1968,Nick Price,5,206,0
1995,77,0,6657,Steve Rintoul,5,344,0
1995,77,0,2159,Curtis Strange,5,297,0
1995,77,0,2223,Bob Tway,5,299,0
1995,77,0,8385,Omar Uresti,5,338,0
1995,77,0,2241,Bobby Wadkins,5,342,0
1995,77,0,10425,Jay Williamson,5,225,0
1995,77,0,6791,Mark Wurtz,5,297,0
1995,104,0,1014,Fulton Allem,4,183,0
1995,104,0,1133,Billy Ray Brown,4,229,0
1995,104,0,1306,David Edwards,4,250,0
1995,104,0,1307,Joel Edwards,4,346,0
1995,104,0,1374,Robin Freeman,4,332,0
1995,104,0,6044,Scott Gump,4,332,0
1995,104,0,6617,Brian Henninger,4,278,0
1995,104,0,1682,Wayne Levi,4,190,0
1995,104,0,1771,Blaine McCallister,4,311,0
1995,104,0,7235,John Morse,4,256,0
1995,104,0,1876,Greg Norman,4,182,0
1995,104,0,1887,Mark O'Meara,4,324,0
1995,104,0,1920,Craig Parry,4,265,0
1995,104,0,1960,Don Pooley,4,269,0
1995,104,0,1986,Joey Rassett,4,189,0
1995,104,0,2094,Tony Sills,4,255,0
1995,104,0,2099,Scott Simpson,4,296,0
1995,104,0,8375,Paul Stankowski,4,326,0
1995,104,0,2256,Tom Watson,4,181,0
1995,123,0,1040,Emlyn Aubrey,3,304,0
1995,123,0,1072,Chip Beck,3,320,0
1995,123,0,6809,Bob Burns,3,287,0
1995,123,0,1201,Lennie Clements,3,330,0
1995,123,0,6034,Marco Dawson,3,297,0
1995,123,0,1266,Clark Dennis,3,324,0
1995,123,0,6251,Chris DiMarco,3,310,0
1995,123,0,6522,Ernie Els,3,184,0
1995,123,0,1326,Nick Faldo,3,228,0
1995,123,0,1381,Fred Funk,3,394,0
1995,123,0,6643,Paul Goydos,3,372,0
1995,123,0,8537,J.P. Hayes,3,283,0
1995,123,0,1577,Lee Janzen,3,318,0
1995,123,0,1633,Tom Kite,3,301,0
1995,123,0,6012,Greg Kraft,3,358,0
1995,123,0,1677,Tom Lehman,3,211,0
1995,123,0,1685,J.L. Lewis,3,301,0
1995,123,0,1690,Bruce Lietzke,3,179,0
1995,123,0,1701,Bob Lohr,3,340,0
1995,123,0,1783,Mark McCumber,3,216,0
1995,123,0,1823,Larry Mize,3,251,0
1995,123,0,1864,Larry Nelson,3,196,0
1995,123,0,1905,Joe Ozaki,3,211,0
1995,123,0,1925,Jerry Pate,3,245,0
1995,123,0,1938,David Peoples,3,180,0
1995,123,0,1943,Chris Perry,3,316,0
1995,123,0,2167,Mike Sullivan,3,301,0
1995,123,0,8563,Bruce Vaughan,3,334,0
1995,123,0,2242,Lanny Wadkins,3,201,0
1995,123,0,2267,D.A. Weibring,3,288,0
1995,123,0,2321,Fuzzy Zoeller,3,180,0
1995,154,0,6197,Michael Allen,2,204,0
1995,154,0,1129,Bill Britton,2,235,0
1995,154,0,8717,Kawika Cotner,2,295,0
1995,154,0,1235,Ben Crenshaw,2,261,0
1995,154,0,6088,Steve Gotsche,2,285,0
1995,154,0,1549,Mike Hulbert,2,362,0
1995,154,0,6641,Jeff Leonard,2,254,0
1995,154,0,1724,Jeff Maggert,2,276,0
1995,154,0,1891,David Ogrin,2,325,0
1995,154,0,1928,Corey Pavin,2,251,0
1995,154,0,1971,Dillard Pruitt,2,267,0
1995,154,0,2131,Mike Springer,2,238,0
1995,154,0,2190,Doug Tewell,2,198,0
1995,154,0,2279,Mark Wiebe,2,218,0
1995,168,0,1060,Dave Barr,1,286,0
1995,168,0,1203,Russ Cochran,1,299,0
1995,168,0,1330,David Feherty,1,245,0
1995,168,0,1353,Bruce Fleisher,1,240,0
1995,168,0,1378,David Frost,1,243,0
1995,168,0,1414,Bob Gilder,1,300,0
1995,168,0,1510,Nolan Henke,1,293,0
1995,168,0,1705,Tim Loustalot,1,189,0
1995,168,0,6386,Bill Porter,1,264,0
1995,168,0,1992,Don Reese,1,268,0
1995,168,0,1996,Mike Reid,1,218,0
1995,168,0,2180,Harry Taylor,1,295,0
1994,1,0,1706,Davis Love III,18,326,0
1994,2,0,1132,Mark Brooks,13,389,0
1994,2,0,2135,Mike Standly,13,338,0
1994,4,0,1388,Robert Gamez,12,268,0
1994,5,0,1374,Robin Freeman,11,323,0
1994,6,0,6197,Michael Allen,10,346,0
1994,6,0,1161,Mark Calcavecchia,10,289,0
1994,6,0,1261,Jay Delsing,10,308,0
1994,6,0,1468,Gary Hallberg,10,273,0
1994,6,0,1510,Nolan Henke,10,282,0
1994,6,0,1549,Mike Hulbert,10,364,0
1994,6,0,1677,Tom Lehman,10,270,0
1994,13,0,12661,Todd Barranger,9,237,0
1994,13,0,1096,Phil Blackmar,9,233,0
1994,13,0,6214,Guy Boros,9,331,0
1994,13,0,1408,Kelly Gibson,9,334,0
1994,13,0,1475,Donnie Hammond,9,288,0
1994,13,0,12660,Jesper Parnevik,9,200,0
1994,13,0,1971,Dillard Pruitt,9,313,0
1994,13,0,6567,Vijay Singh,9,246,0
1994,13,0,2133,Craig Stadler,9,245,0
1994,22,0,1060,Dave Barr,8,329,0
1994,22,0,6809,Bob Burns,8,250,0
1994,22,0,1201,Lennie Clements,8,302,0
1994,22,0,6128,Steve Lamontagne,8,281,0
1994,22,0,1837,Gil Morgan,8,212,0
1994,22,0,6657,Steve Rintoul,8,285,0
1994,22,0,2095,Larry Silveira,8,277,0
1994,22,0,8375,Paul Stankowski,8,281,0
1994,22,0,2206,David Toms,8,327,0
1994,22,0,2218,Ted Tryba,8,391,0
1994,32,0,1143,Brad Bryant,7,393,0
1994,32,0,7569,Mark Carnevale,7,299,0
1994,32,0,1203,Russ Cochran,7,332,0
1994,32,0,6034,Marco Dawson,7,308,0
1994,32,0,8931,Glen Day,7,333,0
1994,32,0,6058,John Flannery,7,337,0
1994,32,0,1444,Ken Green,7,297,0
1994,32,0,6575,Dudley Hart,7,279,0
1994,32,0,8337,Mike Heinen,7,277,0
1994,32,0,1527,Scott Hoch,7,312,0
1994,32,0,1724,Jeff Maggert,7,300,0
1994,32,0,6350,Bob May,7,281,0
1994,32,0,6140,Sean Murphy,7,311,0
1994,32,0,1887,Mark O'Meara,7,325,0
1994,32,0,1968,Nick Price,7,189,0
1994,32,0,2131,Mike Springer,7,281,0
1994,32,0,7101,Dave Stockton Jr.,7,309,0
1994,32,0,6527,Steve Stricker,7,329,0
1994,32,0,2201,Jim Thorpe,7,273,0
1994,32,0,2225,Howard Twitty,7,310,0
1994,32,0,6791,Mark Wurtz,7,289,0
1994,53,0,1116,Michael Bradley,6,309,0
1994,53,0,1156,Curt Byrum,6,295,0
1994,53,0,1320,Bob Estes,6,322,0
1994,53,0,1330,David Feherty,6,230,0
1994,53,0,1361,Dan Forsman,6,243,0
1994,53,0,6617,Brian Henninger,6,223,0
1994,53,0,1553,John Huston,6,287,0
1994,53,0,1607,Brian Kamm,6,326,0
1994,53,0,6332,Neal Lancaster,6,325,0
1994,53,0,1682,Wayne Levi,6,294,0
1994,53,0,1707,Steve Lowery,6,327,0
1994,53,0,6090,Jim McGovern,6,344,0
1994,53,0,1810,Phil Mickelson,6,209,0
1994,53,0,1890,Brett Ogle,6,200,0
1994,53,0,1927,Dennis Paulson,6,283,0
1994,53,0,1975,Tom Purtzer,6,230,0
1994,53,0,2067,Ted Schulz,6,285,0
1994,53,0,2246,Duffy Waldorf,6,290,0
1994,53,0,2256,Tom Watson,6,186,0
1994,72,0,1006,John Adams,5,297,0
1994,72,0,1024,Billy Andrade,5,303,0
1994,72,0,1098,Jay Don Blake,5,308,0
1994,72,0,6609,Rob Boldt,5,203,0
1994,72,0,1133,Billy Ray Brown,5,200,0
1994,72,0,1226,Fred Couples,5,160,0
1994,72,0,1266,Clark Dennis,5,355,0
1994,72,0,6251,Chris DiMarco,5,311,0
1994,72,0,1381,Fred Funk,5,376,0
1994,72,0,1385,Jim Gallagher Jr.,5,294,0
1994,72,0,1418,Bill Glasson,5,264,0
1994,72,0,1457,Jay Haas,5,351,0
1994,72,0,1824,Yoshinori Mizumaki,5,219,0
1994,72,0,1938,David Peoples,5,315,0
1994,72,0,10213,Dicky Pride,5,253,0
1994,72,0,2049,Gene Sauers,5,281,0
1994,72,0,2099,Scott Simpson,5,247,0
1994,72,0,6591,Rocky Walcher,5,231,0
1994,72,0,2303,Robert Wrenn,5,187,0
1994,91,0,1072,Chip Beck,4,295,0
1994,91,0,6020,Steve Brodie,4,303,0
1994,91,0,1139,Olin Browne,4,327,0
1994,91,0,1200,Keith Clearwater,4,328,0
1994,91,0,1331,Rick Fehr,4,272,0
1994,91,0,1495,Morris Hatalsky,4,274,0
1994,91,0,1557,John Inman,4,339,0
1994,91,0,6012,Greg Kraft,4,300,0
1994,91,0,1690,Bruce Lietzke,4,206,0
1994,91,0,1701,Bob Lohr,4,321,0
1994,91,0,1864,Larry Nelson,4,207,0
1994,91,0,1876,Greg Norman,4,201,0
1994,91,0,1891,David Ogrin,4,319,0
1994,91,0,2033,Dave Rummells,4,354,0
1994,91,0,2100,Tim Simpson,4,322,0
1994,91,0,2104,Jeff Sluman,4,320,0
1994,91,0,2167,Mike Sullivan,4,257,0
1994,91,0,2170,Hal Sutton,4,344,0
1994,91,0,2214,Kirk Triplett,4,308,0
1994,91,0,2223,Bob Tway,4,282,0
1994,91,0,2242,Lanny Wadkins,4,228,0
1994,91,0,2321,Fuzzy Zoeller,4,252,0
1994,113,0,1014,Fulton Allem,3,274,0
1994,113,0,1093,Ronnie Black,3,288,0
1994,113,0,1129,Bill Britton,3,234,0
1994,113,0,1185,Brandel Chamblee,3,296,0
1994,113,0,1329,Brad Faxon,3,303,0
1994,113,0,1353,Bruce Fleisher,3,285,0
1994,113,0,1378,David Frost,3,252,0
1994,113,0,10809,Jim Furyk,3,336,0
1994,113,0,6643,Paul Goydos,3,375,0
1994,113,0,1435,Wayne Grady,3,187,0
1994,113,0,1577,Lee Janzen,3,303,0
1994,113,0,1633,Tom Kite,3,277,0
1994,113,0,6016,Brad Lardon,3,192,0
1994,113,0,1766,Billy Mayfair,3,333,0
1994,113,0,1771,Blaine McCallister,3,323,0
1994,113,0,7235,John Morse,3,272,0
1994,113,0,1920,Craig Parry,3,208,0
1994,113,0,1926,Steve Pate,3,327,0
1994,113,0,1945,Kenny Perry,3,322,0
1994,113,0,6062,Charles Raulerson,3,216,0
1994,113,0,1996,Mike Reid,3,228,0
1994,113,0,12663,Phil Tataurangi,3,232,0
1994,113,0,2239,Scott Verplank,3,219,0
1994,113,0,2241,Bobby Wadkins,3,234,0
1994,137,0,7781,Ty Armstrong,2,209,0
1994,137,0,1219,John Cook,2,269,0
1994,137,0,1235,Ben Crenshaw,2,294,0
1994,137,0,1288,Ed Dougherty,2,349,0
1994,137,0,1306,David Edwards,2,288,0
1994,137,0,1307,Joel Edwards,2,296,0
1994,137,0,1313,Steve Elkington,2,224,0
1994,137,0,1392,Tom Garner,2,198,0
1994,137,0,1414,Bob Gilder,2,297,0
1994,137,0,1550,Ed Humenik,2,324,0
1994,137,0,1559,Hale Irwin,2,247,0
1994,137,0,1569,Peter Jacobsen,2,246,0
1994,137,0,1723,Andrew Magee,2,301,0
1994,137,0,1755,Dick Mast,2,307,0
1994,137,0,1905,Joe Ozaki,2,205,0
1994,137,0,1986,Joey Rassett,2,253,0
1994,137,0,2007,Larry Rinker,2,253,0
1994,137,0,2010,Loren Roberts,2,262,0
1994,137,0,2090,Tom Sieckmann,2,280,0
1994,137,0,2146,Payne Stewart,2,267,0
1994,137,0,2190,Doug Tewell,2,282,0
1994,137,0,2224,Greg Twiggs,2,234,0
1994,137,0,2245,Grant Waite,2,254,0
1994,137,0,2267,D.A. Weibring,2,216,0
1994,137,0,6577,John Wilson,2,307,0
1994,162,0,1196,Brian Claar,1,349,0
1994,162,0,1282,Trevor Dodds,1,275,0
1994,162,0,6088,Steve Gotsche,1,197,0
1994,162,0,6315,Pete Jordan,1,311,0
1994,162,0,1648,Billy Kratzert,1,264,0
1994,162,0,1725,John Mahaffey,1,270,0
1994,162,0,1748,Doug Martin,1,292,0
1994,162,0,1783,Mark McCumber,1,246,0
1994,162,0,1823,Larry Mize,1,266,0
1994,162,0,1928,Corey Pavin,1,223,0
1994,162,0,2101,Joey Sindelar,1,230,0
1994,162,0,2159,Curtis Strange,1,287,0
1994,162,0,2230,Stan Utley,1,260,0
1994,162,0,6589,Jeff Woodland,1,291,0
1994,162,0,2322,Richard Zokol,1,258,0
1993,1,0,1249,John Daly,14,247,0
1993,2,0,1706,Davis Love III,13,335,0
1993,3,0,1550,Ed Humenik,12,333,0
1993,4,0,1096,Phil Blackmar,11,317,0
1993,4,0,1261,Jay Delsing,11,345,0
1993,6,0,1203,Russ Cochran,10,325,0
1993,6,0,6332,Neal Lancaster,10,358,0
1993,6,0,6090,Jim McGovern,10,403,0
1993,6,0,2049,Gene Sauers,10,328,0
1993,10,0,1143,Brad Bryant,9,361,0
1993,10,0,1200,Keith Clearwater,9,362,0
1993,10,0,6128,Steve Lamontagne,9,338,0
1993,10,0,1723,Andrew Magee,9,265,0
1993,10,0,2033,Dave Rummells,9,284,0
1993,10,0,2090,Tom Sieckmann,9,347,0
1993,16,0,1098,Jay Don Blake,8,274,0
1993,16,0,1226,Fred Couples,8,243,0
1993,16,0,1320,Bob Estes,8,323,0
1993,16,0,1408,Kelly Gibson,8,353,0
1993,16,0,1468,Gary Hallberg,8,305,0
1993,16,0,1569,Peter Jacobsen,8,272,0
1993,16,0,1677,Tom Lehman,8,320,0
1993,16,0,1707,Steve Lowery,8,361,0
1993,16,0,1837,Gil Morgan,8,292,0
1993,16,0,2224,Greg Twiggs,8,314,0
1993,26,0,1006,John Adams,7,321,0
1993,26,0,6197,Michael Allen,7,282,0
1993,26,0,6006,JC Anderson,7,268,0
1993,26,0,1072,Chip Beck,7,310,0
1993,26,0,6086,Russell Beiersdorf,7,344,0
1993,26,0,1093,Ronnie Black,7,313,0
1993,26,0,1161,Mark Calcavecchia,7,319,0
1993,26,0,6034,Marco Dawson,7,365,0
1993,26,0,1323,Brad Fabel,7,287,0
1993,26,0,6575,Dudley Hart,7,313,0
1993,26,0,6617,Brian Henninger,7,310,0
1993,26,0,1682,Wayne Levi,7,261,0
1993,26,0,1724,Jeff Maggert,7,295,0
1993,26,0,2135,Mike Standly,7,321,0
1993,26,0,2214,Kirk Triplett,7,322,0
1993,26,0,2217,Dennis Trixler,7,288,0
1993,26,0,2255,Denis Watson,7,216,0
1993,26,0,2279,Mark Wiebe,7,307,0
1993,26,0,2321,Fuzzy Zoeller,7,245,0
1993,45,0,1116,Michael Bradley,6,271,0
1993,45,0,7569,Mark Carnevale,6,346,0
1993,45,0,1185,Brandel Chamblee,6,283,0
1993,45,0,1284,Mike Donald,6,313,0
1993,45,0,1313,Steve Elkington,6,287,0
1993,45,0,1549,Mike Hulbert,6,342,0
1993,45,0,1690,Bruce Lietzke,6,175,0
1993,45,0,1810,Phil Mickelson,6,244,0
1993,45,0,1846,Jodie Mudd,6,209,0
1993,45,0,1890,Brett Ogle,6,199,0
1993,45,0,1975,Tom Purtzer,6,200,0
1993,45,0,2101,Joey Sindelar,6,247,0
1993,45,0,10795,Neale Smith,6,196,0
1993,45,0,2131,Mike Springer,6,286,0
1993,45,0,2159,Curtis Strange,6,277,0
1993,60,0,1024,Billy Andrade,5,327,0
1993,60,0,1042,Paul Azinger,5,270,0
1993,60,0,1060,Dave Barr,5,326,0
1993,60,0,1157,Tom Byrum,5,259,0
1993,60,0,1235,Ben Crenshaw,5,235,0
1993,60,0,1288,Ed Dougherty,5,391,0
1993,60,0,1331,Rick Fehr,5,331,0
1993,60,0,1361,Dan Forsman,5,289,0
1993,60,0,6643,Paul Goydos,5,330,0
1993,60,0,1457,Jay Haas,5,376,0
1993,60,0,1577,Lee Janzen,5,318,0
1993,60,0,1607,Brian Kamm,5,291,0
1993,60,0,1659,Massy Kuramoto,5,194,0
1993,60,0,1736,Roger Maltbie,5,197,0
1993,60,0,1823,Larry Mize,5,263,0
1993,60,0,1938,David Peoples,5,290,0
1993,60,0,8759,Tad Rhyan,5,272,0
1993,60,0,2007,Larry Rinker,5,253,0
1993,60,0,2133,Craig Stadler,5,266,0
1993,60,0,2146,Payne Stewart,5,326,0
1993,60,0,2206,David Toms,5,299,0
1993,60,0,2225,Howard Twitty,5,306,0
1993,60,0,2322,Richard Zokol,5,253,0
1993,83,0,1035,Tommy Armour III,4,190,0
1993,83,0,1132,Mark Brooks,4,319,0
1993,83,0,1191,Barry Cheesman,4,297,0
1993,83,0,1218,Jeff Cook,4,280,0
1993,83,0,1248,Rick Dalpos,4,249,0
1993,83,0,1329,Brad Faxon,4,286,0
1993,83,0,1346,Ed Fiori,4,331,0
1993,83,0,6058,John Flannery,4,361,0
1993,83,0,1385,Jim Gallagher Jr.,4,318,0
1993,83,0,1418,Bill Glasson,4,276,0
1993,83,0,1444,Ken Green,4,224,0
1993,83,0,6284,Jim Hallet,4,317,0
1993,83,0,1533,P.H. Horgan III,4,301,0
1993,83,0,1553,John Huston,4,386,0
1993,83,0,6012,Greg Kraft,4,243,0
1993,83,0,1766,Billy Mayfair,4,368,0
1993,83,0,1926,Steve Pate,4,303,0
1993,83,0,1930,Eddie Pearce,4,219,0
1993,83,0,1945,Kenny Perry,4,309,0
1993,83,0,1958,Dan Pohl,4,188,0
1993,83,0,1971,Dillard Pruitt,4,300,0
1993,83,0,2185,Lance Ten Broeck,4,337,0
1993,83,0,2218,Ted Tryba,4,338,0
1993,83,0,2241,Bobby Wadkins,4,224,0
1993,83,0,2246,Duffy Waldorf,4,283,0
1993,83,0,2256,Tom Watson,4,185,0
1993,109,0,1014,Fulton Allem,3,302,0
1993,109,0,1201,Lennie Clements,3,276,0
1993,109,0,10195,Tim Conley,3,217,0
1993,109,0,1219,John Cook,3,287,0
1993,109,0,1282,Trevor Dodds,3,284,0
1993,109,0,1381,Fred Funk,3,403,0
1993,109,0,1388,Robert Gamez,3,278,0
1993,109,0,6566,Jaime Gomez,3,300,0
1993,109,0,1469,Dan Halldorson,3,276,0
1993,109,0,1510,Nolan Henke,3,321,0
1993,109,0,1527,Scott Hoch,3,318,0
1993,109,0,1564,David Jackson,3,307,0
1993,109,0,10207,Jimmy Johnston,3,241,0
1993,109,0,1761,Len Mattiace,3,269,0
1993,109,0,1797,Rocco Mediate,3,299,0
1993,109,0,1887,Mark O'Meara,3,306,0
1993,109,0,1968,Nick Price,3,216,0
1993,109,0,6136,Mike Schuchart,3,246,0
1993,109,0,2111,Mike Smith,3,308,0
1993,109,0,2170,Hal Sutton,3,287,0
1993,109,0,2180,Harry Taylor,3,301,0
1993,109,0,2242,Lanny Wadkins,3,248,0
1993,109,0,2298,Jim Woodward,3,192,0
1993,132,0,1068,Andy Bean,2,228,0
1993,132,0,6124,Patrick Burke,2,193,0
1993,132,0,1197,Bobby Clampett,2,183,0
1993,132,0,1307,Joel Edwards,2,318,0
1993,132,0,6599,John Elliott,2,267,0
1993,132,0,1374,Robin Freeman,2,314,0
1993,132,0,1378,David Frost,2,237,0
1993,132,0,1414,Bob Gilder,2,263,0
1993,132,0,1475,Donnie Hammond,2,296,0
1993,132,0,5319,Gene Jones,2,195,0
1993,132,0,1633,Tom Kite,2,220,0
1993,132,0,1648,Billy Kratzert,2,175,0
1993,132,0,1715,Mark Lye,2,238,0
1993,132,0,1755,Dick Mast,2,301,0
1993,132,0,1783,Mark McCumber,2,267,0
1993,132,0,8045,Perry Moss,2,305,0
1993,132,0,1849,Bill Murchison,2,183,0
1993,132,0,1920,Craig Parry,2,244,0
1993,132,0,1928,Corey Pavin,2,315,0
1993,132,0,2067,Ted Schulz,2,330,0
1993,132,0,2099,Scott Simpson,2,268,0
1993,132,0,2100,Tim Simpson,2,298,0
1993,132,0,2104,Jeff Sluman,2,336,0
1993,132,0,2294,Willie Wood,2,267,0
1993,132,0,6589,Jeff Woodland,2,264,0
1993,132,0,2303,Robert Wrenn,2,285,0
1993,158,0,1049,Ian Baker-Finch,1,206,0
1993,158,0,6691,Greg Cesario,1,216,0
1993,158,0,1196,Brian Claar,1,375,0
1993,158,0,6247,David Delong,1,175,0
1993,158,0,6144,John Dowdall,1,179,0
1993,158,0,1390,Buddy Gardner,1,225,0
1993,158,0,1435,Wayne Grady,1,172,0
1993,158,0,1443,Hubert Green,1,187,0
1993,158,0,6044,Scott Gump,1,327,0
1993,158,0,1495,Morris Hatalsky,1,207,0
1993,158,0,1557,John Inman,1,346,0
1993,158,0,1559,Hale Irwin,1,222,0
1993,158,0,1619,Skip Kendall,1,343,0
1993,158,0,1725,John Mahaffey,1,253,0
1993,158,0,1771,Blaine McCallister,1,303,0
1993,158,0,1864,Larry Nelson,1,188,0
1993,158,0,1876,Greg Norman,1,184,0
1993,158,0,1934,Dave Peege,1,191,0
1993,158,0,1946,Peter Persons,1,320,0
1993,158,0,2010,Loren Roberts,1,324,0
1993,158,0,2245,Grant Waite,1,305,0
1993,158,0,2267,D.A. Weibring,1,247,0
1992,1,0,1361,Dan Forsman,17,374,0
1992,2,0,1385,Jim Gallagher Jr.,14,374,0
1992,3,0,1414,Bob Gilder,13,332,0
1992,4,0,1723,Andrew Magee,12,344,0
1992,4,0,2167,Mike Sullivan,12,289,0
1992,6,0,1096,Phil Blackmar,11,286,0
1992,6,0,1143,Brad Bryant,11,398,0
1992,6,0,1261,Jay Delsing,11,340,0
1992,6,0,1323,Brad Fabel,11,330,0
1992,6,0,1677,Tom Lehman,11,372,0
1992,6,0,1690,Bruce Lietzke,11,224,0
1992,6,0,2049,Gene Sauers,11,281,0
1992,13,0,6124,Patrick Burke,10,326,0
1992,13,0,1161,Mark Calcavecchia,10,324,0
1992,13,0,1249,John Daly,10,281,0
1992,13,0,1346,Ed Fiori,10,339,0
1992,13,0,1945,Kenny Perry,10,296,0
1992,13,0,2067,Ted Schulz,10,374,0
1992,13,0,2267,D.A. Weibring,10,271,0
1992,20,0,1035,Tommy Armour III,9,292,0
1992,20,0,1042,Paul Azinger,9,309,0
1992,20,0,1226,Fred Couples,9,307,0
1992,20,0,1313,Steve Elkington,9,296,0
1992,20,0,1374,Robin Freeman,9,296,0
1992,20,0,1388,Robert Gamez,9,277,0
1992,20,0,1408,Kelly Gibson,9,328,0
1992,20,0,6284,Jim Hallet,9,398,0
1992,20,0,2002,John Riegger,9,251,0
1992,20,0,2033,Dave Rummells,9,347,0
1992,20,0,2101,Joey Sindelar,9,384,0
1992,31,0,1014,Fulton Allem,8,342,0
1992,31,0,1132,Mark Brooks,8,370,0
1992,31,0,1203,Russ Cochran,8,340,0
1992,31,0,6150,Carl Cooper,8,270,0
1992,31,0,6332,Neal Lancaster,8,411,0
1992,31,0,8277,Greg Lesher,8,269,0
1992,31,0,1706,Davis Love III,8,324,0
1992,31,0,1958,Dan Pohl,8,216,0
1992,31,0,2100,Tim Simpson,8,251,0
1992,31,0,2185,Lance Ten Broeck,8,378,0
1992,31,0,6072,Greg Whisman,8,274,0
1992,42,0,1006,John Adams,7,336,0
1992,42,0,1133,Billy Ray Brown,7,257,0
1992,42,0,1185,Brandel Chamblee,7,305,0
1992,42,0,6034,Marco Dawson,7,279,0
1992,42,0,1355,Raymond Floyd,7,204,0
1992,42,0,1390,Buddy Gardner,7,329,0
1992,42,0,1550,Ed Humenik,7,355,0
1992,42,0,1553,John Huston,7,372,0
1992,42,0,1837,Gil Morgan,7,292,0
1992,42,0,1926,Steve Pate,7,371,0
1992,42,0,1960,Don Pooley,7,198,0
1992,42,0,2041,Bill Sander,7,185,0
1992,42,0,2104,Jeff Sluman,7,384,0
1992,42,0,2321,Fuzzy Zoeller,7,228,0
1992,56,0,1072,Chip Beck,6,305,0
1992,56,0,1098,Jay Don Blake,6,295,0
1992,56,0,7569,Mark Carnevale,6,283,0
1992,56,0,1196,Brian Claar,6,346,0
1992,56,0,1200,Keith Clearwater,6,384,0
1992,56,0,1235,Ben Crenshaw,6,281,0
1992,56,0,1284,Mike Donald,6,364,0
1992,56,0,1288,Ed Dougherty,6,378,0
1992,56,0,1320,Bob Estes,6,305,0
1992,56,0,1353,Bruce Fleisher,6,356,0
1992,56,0,6575,Dudley Hart,6,341,0
1992,56,0,6122,Greg Hickman,6,225,0
1992,56,0,1682,Wayne Levi,6,307,0
1992,56,0,1766,Billy Mayfair,6,399,0
1992,56,0,1797,Rocco Mediate,6,294,0
1992,56,0,1876,Greg Norman,6,207,0
1992,56,0,1928,Corey Pavin,6,314,0
1992,56,0,1943,Chris Perry,6,281,0
1992,56,0,6040,John Ross,6,305,0
1992,56,0,2095,Larry Silveira,6,188,0
1992,56,0,2133,Craig Stadler,6,281,0
1992,56,0,2146,Payne Stewart,6,291,0
1992,56,0,2313,Bruce Zabriski,6,272,0
1992,79,0,1139,Olin Browne,5,326,0
1992,79,0,1168,David Canipe,5,269,0
1992,79,0,1214,Frank Conner,5,308,0
1992,79,0,1219,John Cook,5,280,0
1992,79,0,1306,David Edwards,5,319,0
1992,79,0,1468,Gary Hallberg,5,302,0
1992,79,0,8537,J.P. Hayes,5,267,0
1992,79,0,6090,Jim McGovern,5,365,0
1992,79,0,1846,Jodie Mudd,5,234,0
1992,79,0,1887,Mark O'Meara,5,288,0
1992,79,0,1975,Tom Purtzer,5,287,0
1992,79,0,2099,Scott Simpson,5,263,0
1992,79,0,2135,Mike Standly,5,356,0
1992,79,0,2206,David Toms,5,321,0
1992,79,0,2214,Kirk Triplett,5,240,0
1992,79,0,2224,Greg Twiggs,5,193,0
1992,79,0,2246,Duffy Waldorf,5,308,0
1992,79,0,2298,Jim Woodward,5,246,0
1992,79,0,2322,Richard Zokol,5,233,0
1992,98,0,1024,Billy Andrade,4,309,0
1992,98,0,1060,Dave Barr,4,321,0
1992,98,0,1129,Bill Britton,4,280,0
1992,98,0,1376,Bob Friend,4,343,0
1992,98,0,1381,Fred Funk,4,378,0
1992,98,0,1435,Wayne Grady,4,242,0
1992,98,0,1444,Ken Green,4,310,0
1992,98,0,1457,Jay Haas,4,356,0
1992,98,0,1475,Donnie Hammond,4,230,0
1992,98,0,1522,Lon Hinkle,4,193,0
1992,98,0,1569,Peter Jacobsen,4,326,0
1992,98,0,1577,Lee Janzen,4,362,0
1992,98,0,6128,Steve Lamontagne,4,308,0
1992,98,0,1724,Jeff Maggert,4,326,0
1992,98,0,1771,Blaine McCallister,4,333,0
1992,98,0,1783,Mark McCumber,4,293,0
1992,98,0,1823,Larry Mize,4,292,0
1992,98,0,1934,Dave Peege,4,241,0
1992,98,0,1938,David Peoples,4,347,0
1992,98,0,1978,Fran Quinn,4,214,0
1992,98,0,2131,Mike Springer,4,305,0
1992,98,0,2225,Howard Twitty,4,301,0
1992,98,0,2279,Mark Wiebe,4,307,0
1992,121,0,1040,Emlyn Aubrey,3,257,0
1992,121,0,6010,Brad Bell,3,189,0
1992,121,0,1093,Ronnie Black,3,321,0
1992,121,0,1142,Bart Bryant,3,220,0
1992,121,0,1157,Tom Byrum,3,259,0
1992,121,0,6599,John Elliott,3,206,0
1992,121,0,1329,Brad Faxon,3,305,0
1992,121,0,1331,Rick Fehr,3,292,0
1992,121,0,1378,David Frost,3,269,0
1992,121,0,6044,Scott Gump,3,392,0
1992,121,0,1489,Steve Hart,3,320,0
1992,121,0,1510,Nolan Henke,3,305,0
1992,121,0,1527,Scott Hoch,3,204,0
1992,121,0,1549,Mike Hulbert,3,396,0
1992,121,0,1633,Tom Kite,3,312,0
1992,121,0,1639,Kenny Knox,3,291,0
1992,121,0,6012,Greg Kraft,3,289,0
1992,121,0,1725,John Mahaffey,3,282,0
1992,121,0,1755,Dick Mast,3,274,0
1992,121,0,1891,David Ogrin,3,288,0
1992,121,0,6383,E.J. Pfister,3,209,0
1992,121,0,2111,Mike Smith,3,368,0
1992,121,0,2159,Curtis Strange,3,231,0
1992,121,0,2170,Hal Sutton,3,270,0
1992,121,0,6048,Dicky Thompson,3,249,0
1992,121,0,2195,Leonard Thompson,3,253,0
1992,121,0,6751,Chris Tucker,3,296,0
1992,121,0,2223,Bob Tway,3,234,0
1992,121,0,2226,Tray Tyner,3,235,0
1992,121,0,2292,Bob Wolcott,3,364,0
1992,121,0,2303,Robert Wrenn,3,289,0
1992,121,0,2311,Kim Young,3,223,0
1992,153,0,6142,Mitch Adcock,2,263,0
1992,153,0,1181,Jon Chaffee,2,232,0
1992,153,0,1307,Joel Edwards,2,197,0
1992,153,0,1418,Bill Glasson,2,182,0
1992,153,0,1469,Dan Halldorson,2,309,0
1992,153,0,1495,Morris Hatalsky,2,269,0
1992,153,0,1533,P.H. Horgan III,2,265,0
1992,153,0,1701,Bob Lohr,2,316,0
1992,153,0,1748,Doug Martin,2,307,0
1992,153,0,1968,Nick Price,2,341,0
1992,153,0,2007,Larry Rinker,2,284,0
1992,153,0,2190,Doug Tewell,2,280,0
1992,153,0,2201,Jim Thorpe,2,194,0
1992,166,0,1049,Ian Baker-Finch,1,214,0
1992,166,0,1239,Michael Cunning,1,296,0
1992,166,0,1443,Hubert Green,1,173,0
1992,166,0,1458,Jerry Haas,1,208,0
1992,166,0,1557,John Inman,1,341,0
1992,166,0,1946,Peter Persons,1,354,0
1992,166,0,1971,Dillard Pruitt,1,319,0
1992,166,0,1996,Mike Reid,1,266,0
1992,166,0,2230,Stan Utley,1,262,0
1992,166,0,2242,Lanny Wadkins,1,306,0
1991,1,0,2225,Howard Twitty,13,342,0
1991,2,0,1068,Andy Bean,11,250,0
1991,2,0,1553,John Huston,11,325,0
1991,2,0,1876,Greg Norman,11,236,0
1991,5,0,1035,Tommy Armour III,10,279,0
1991,5,0,1156,Curt Byrum,10,312,0
1991,5,0,1527,Scott Hoch,10,371,0
1991,8,0,1249,John Daly,9,305,0
1991,8,0,6284,Jim Hallet,9,362,0
1991,8,0,1599,Steve Jones,9,286,0
1991,8,0,2246,Duffy Waldorf,9,296,0
1991,12,0,1006,John Adams,8,298,0
1991,12,0,1161,Mark Calcavecchia,8,245,0
1991,12,0,1361,Dan Forsman,8,289,0
1991,12,0,1388,Robert Gamez,8,271,0
1991,12,0,1468,Gary Hallberg,8,259,0
1991,12,0,1510,Nolan Henke,8,322,0
1991,12,0,6332,Neal Lancaster,8,346,0
1991,12,0,1723,Andrew Magee,8,282,0
1991,12,0,1926,Steve Pate,8,328,0
1991,12,0,2167,Mike Sullivan,8,279,0
1991,12,0,2224,Greg Twiggs,8,254,0
1991,12,0,2241,Bobby Wadkins,8,324,0
1991,24,0,1072,Chip Beck,7,293,0
1991,24,0,1098,Jay Don Blake,7,308,0
1991,24,0,1106,Jim Booros,7,292,0
1991,24,0,1132,Mark Brooks,7,336,0
1991,24,0,1219,John Cook,7,294,0
1991,24,0,1235,Ben Crenshaw,7,199,0
1991,24,0,1385,Jim Gallagher Jr.,7,370,0
1991,24,0,1444,Ken Green,7,307,0
1991,24,0,1633,Tom Kite,7,296,0
1991,24,0,1706,Davis Love III,7,332,0
1991,24,0,1755,Dick Mast,7,212,0
1991,24,0,1797,Rocco Mediate,7,286,0
1991,24,0,1837,Gil Morgan,7,267,0
1991,24,0,1938,David Peoples,7,307,0
1991,24,0,1943,Chris Perry,7,332,0
1991,24,0,1975,Tom Purtzer,7,279,0
1991,24,0,2133,Craig Stadler,7,237,0
1991,24,0,2256,Tom Watson,7,183,0
1991,24,0,6072,Greg Whisman,7,248,0
1991,43,0,1014,Fulton Allem,6,216,0
1991,43,0,1024,Billy Andrade,6,314,0
1991,43,0,1042,Paul Azinger,6,255,0
1991,43,0,1049,Ian Baker-Finch,6,236,0
1991,43,0,1096,Phil Blackmar,6,250,0
1991,43,0,1129,Bill Britton,6,322,0
1991,43,0,1133,Billy Ray Brown,6,314,0
1991,43,0,6118,Greg Bruckner,6,312,0
1991,43,0,1143,Brad Bryant,6,232,0
1991,43,0,1200,Keith Clearwater,6,340,0
1991,43,0,1203,Russ Cochran,6,282,0
1991,43,0,1288,Ed Dougherty,6,358,0
1991,43,0,1331,Rick Fehr,6,247,0
1991,43,0,1378,David Frost,6,314,0
1991,43,0,1414,Bob Gilder,6,232,0
1991,43,0,1469,Dan Halldorson,6,269,0
1991,43,0,6575,Dudley Hart,6,283,0
1991,43,0,1549,Mike Hulbert,6,344,0
1991,43,0,1690,Bruce Lietzke,6,218,0
1991,43,0,6090,Jim McGovern,6,300,0
1991,43,0,2067,Ted Schulz,6,304,0
1991,43,0,2135,Mike Standly,6,264,0
1991,43,0,2146,Payne Stewart,6,250,0
1991,43,0,2159,Curtis Strange,6,240,0
1991,43,0,2186,Brian Tennyson,6,305,0
1991,43,0,2321,Fuzzy Zoeller,6,198,0
1991,69,0,1112,Charlie Bowles,5,215,0
1991,69,0,1226,Fred Couples,5,291,0
1991,69,0,1261,Jay Delsing,5,308,0
1991,69,0,1282,Trevor Dodds,5,242,0
1991,69,0,1284,Mike Donald,5,339,0
1991,69,0,1306,David Edwards,5,285,0
1991,69,0,1320,Bob Estes,5,316,0
1991,69,0,1323,Brad Fabel,5,293,0
1991,69,0,1390,Buddy Gardner,5,343,0
1991,69,0,1475,Donnie Hammond,5,231,0
1991,69,0,1550,Ed Humenik,5,283,0
1991,69,0,1577,Lee Janzen,5,346,0
1991,69,0,6573,Brandt Jobe,5,189,0
1991,69,0,1639,Kenny Knox,5,365,0
1991,69,0,1715,Mark Lye,5,296,0
1991,69,0,1724,Jeff Maggert,5,284,0
1991,69,0,1771,Blaine McCallister,5,308,0
1991,69,0,1823,Larry Mize,5,282,0
1991,69,0,1928,Corey Pavin,5,302,0
1991,69,0,1958,Dan Pohl,5,212,0
1991,69,0,1971,Dillard Pruitt,5,253,0
1991,69,0,2090,Tom Sieckmann,5,283,0
1991,69,0,2099,Scott Simpson,5,205,0
1991,69,0,2239,Scott Verplank,5,159,0
1991,69,0,2242,Lanny Wadkins,5,289,0
1991,69,0,2303,Robert Wrenn,5,279,0
1991,95,1,6197,Michael Allen,4,237,0
1991,95,1,6006,JC Anderson,4,199,0
1991,95,1,1060,Dave Barr,4,276,0
1991,95,1,1151,Clark Burroughs,4,168,0
1991,95,1,1191,Barry Cheesman,4,209,0
1991,95,1,6150,Carl Cooper,4,215,0
1991,95,1,6034,Marco Dawson,4,237,0
1991,95,1,1457,Jay Haas,4,280,0
1991,95,1,1458,Jerry Haas,4,295,0
1991,95,1,1662,Greg Ladehoff,4,191,0
1991,95,1,1682,Wayne Levi,4,246,0
1991,95,1,1945,Kenny Perry,4,235,0
1991,95,1,1946,Peter Persons,4,325,0
1991,95,1,1968,Nick Price,4,246,0
1991,95,1,2023,Clarence Rose,4,170,0
1991,95,1,2049,Gene Sauers,4,238,0
1991,95,1,2101,Joey Sindelar,4,322,0
1991,95,1,2104,Jeff Sluman,4,337,0
1991,95,1,6581,David Sutherland,4,237,0
1991,95,1,2170,Hal Sutton,4,312,0
1991,95,1,2214,Kirk Triplett,4,292,0
1991,95,1,2223,Bob Tway,4,250,0
1991,95,1,2230,Stan Utley,4,288,0
1991,95,1,2255,Denis Watson,4,181,0
1991,95,1,6577,John Wilson,4,248,0
1991,95,1,2298,Jim Woodward,4,238,0
1991,95,1,2322,Richard Zokol,4,231,0
1991,122,3,1040,Emlyn Aubrey,3,314,0
1991,122,3,1078,Jim Benepe,3,241,0
1991,122,3,1093,Ronnie Black,3,222,0
1991,122,3,1157,Tom Byrum,3,305,0
1991,122,3,1168,David Canipe,3,275,0
1991,122,3,1201,Lennie Clements,3,155,0
1991,122,3,1303,Bob Eastwood,3,249,0
1991,122,3,1313,Steve Elkington,3,294,0
1991,122,3,1329,Brad Faxon,3,348,0
1991,122,3,1346,Ed Fiori,3,296,0
1991,122,3,1355,Raymond Floyd,3,206,0
1991,122,3,6044,Scott Gump,3,291,0
1991,122,3,1495,Morris Hatalsky,3,281,0
1991,122,3,1557,John Inman,3,314,0
1991,122,3,1559,Hale Irwin,3,213,0
1991,122,3,1766,Billy Mayfair,3,353,0
1991,122,3,1783,Mark McCumber,3,249,0
1991,122,3,1790,Pat McGowan,3,181,0
1991,122,3,1846,Jodie Mudd,3,187,0
1991,122,3,1887,Mark O'Meara,3,269,0
1991,122,3,1984,Sam Randolph,3,197,0
1991,122,3,2041,Bill Sander,3,197,0
1991,122,3,2095,Larry Silveira,3,219,0
1991,122,3,2111,Mike Smith,3,337,0
1991,122,3,2131,Mike Springer,3,262,0
1991,122,3,2148,Ray Stewart,3,295,0
1991,122,3,2185,Lance Ten Broeck,3,165,0
1991,122,3,2190,Doug Tewell,3,198,0
1991,122,3,6048,Dicky Thompson,3,253,0
1991,122,3,2311,Kim Young,3,171,0
1991,152,9,1039,Perry Arthur,2,195,0
1991,152,9,6010,Brad Bell,2,179,0
1991,152,9,1185,Brandel Chamblee,2,251,0
1991,152,9,1196,Brian Claar,2,334,0
1991,152,9,1197,Bobby Clampett,2,262,0
1991,152,9,1307,Joel Edwards,2,255,0
1991,152,9,1381,Fred Funk,2,313,0
1991,152,9,1435,Wayne Grady,2,204,0
1991,152,9,1499,Mark Hayes,2,182,0
1991,152,9,1607,Brian Kamm,2,217,0
1991,152,9,1701,Bob Lohr,2,261,0
1991,152,9,1996,Mike Reid,2,232,0
1991,152,9,2010,Loren Roberts,2,341,0
1991,152,9,2033,Dave Rummells,2,331,0
1991,152,9,2054,Ken Schall,2,229,0
1991,152,9,2100,Tim Simpson,2,260,0
1991,152,9,2201,Jim Thorpe,2,266,0
1991,152,9,2257,Brian Watts,2,251,0
1991,152,9,2267,D.A. Weibring,2,263,0
1991,152,9,2279,Mark Wiebe,2,270,0
1991,172,17,1142,Bart Bryant,1,317,0
1991,172,17,1266,Clark Dennis,1,237,0
1991,172,17,1569,Peter Jacobsen,1,252,0
1991,172,17,1725,John Mahaffey,1,220,0
1991,172,17,1736,Roger Maltbie,1,191,0
1991,172,17,1835,Tommy Moore,1,167,0
1991,172,17,6140,Sean Murphy,1,221,0
1991,172,17,1878,Andy North,1,189,0
1991,172,17,6571,Bryan Norton,1,194,0
1991,172,17,2007,Larry Rinker,1,236,0
1991,172,17,6579,Craig Rudolph,1,207,0
1991,172,17,2292,Bob Wolcott,1,370,0
1991,172,17,2294,Willie Wood,1,244,0
1990,1,0,1042,Paul Azinger,13,313,0
1990,2,0,1096,Phil Blackmar,12,302,0
1990,2,0,1226,Fred Couples,12,244,0
1990,4,0,1006,John Adams,11,298,0
1990,5,0,1378,David Frost,10,248,0
1990,6,0,1060,Dave Barr,9,328,0
1990,6,0,1098,Jay Don Blake,9,314,0
1990,6,0,1132,Mark Brooks,9,363,0
1990,6,0,1161,Mark Calcavecchia,9,312,0
1990,6,0,1444,Ken Green,9,308,0
1990,6,0,1599,Steve Jones,9,240,0
1990,6,0,1715,Mark Lye,9,304,0
1990,6,0,1878,Andy North,9,208,0
1990,6,0,1938,David Peoples,9,358,0
1990,6,0,1943,Chris Perry,9,314,0
1990,6,0,2303,Robert Wrenn,9,315,0
1990,6,0,2321,Fuzzy Zoeller,9,227,0
1990,18,0,1068,Andy Bean,8,223,0
1990,18,0,1151,Clark Burroughs,8,324,0
1990,18,0,1307,Joel Edwards,8,280,0
1990,18,0,1527,Scott Hoch,8,272,0
1990,18,0,2049,Gene Sauers,8,318,0
1990,18,0,2067,Ted Schulz,8,380,0
1990,18,0,2087,Don Shirey Jr.,8,286,0
1990,18,0,2100,Tim Simpson,8,298,0
1990,18,0,2239,Scott Verplank,8,291,0
1990,27,0,1049,Ian Baker-Finch,7,264,0
1990,27,0,1072,Chip Beck,7,284,0
1990,27,0,1201,Lennie Clements,7,256,0
1990,27,0,1313,Steve Elkington,7,300,0
1990,27,0,1385,Jim Gallagher Jr.,7,368,0
1990,27,0,1388,Robert Gamez,7,254,0
1990,27,0,1390,Buddy Gardner,7,347,0
1990,27,0,1495,Morris Hatalsky,7,275,0
1990,27,0,1522,Lon Hinkle,7,233,0
1990,27,0,1549,Mike Hulbert,7,377,0
1990,27,0,1557,John Inman,7,334,0
1990,27,0,1975,Tom Purtzer,7,257,0
1990,27,0,2090,Tom Sieckmann,7,282,0
1990,27,0,2104,Jeff Sluman,7,352,0
1990,27,0,2146,Payne Stewart,7,306,0
1990,27,0,2201,Jim Thorpe,7,306,0
1990,27,0,2214,Kirk Triplett,7,234,0
1990,27,0,2223,Bob Tway,7,312,0
1990,27,0,2241,Bobby Wadkins,7,336,0
1990,27,0,2322,Richard Zokol,7,228,0
1990,47,0,1024,Billy Andrade,6,352,0
1990,47,0,1035,Tommy Armour III,6,317,0
1990,47,0,1129,Bill Britton,6,316,0
1990,47,0,6118,Greg Bruckner,6,271,0
1990,47,0,1156,Curt Byrum,6,298,0
1990,47,0,1157,Tom Byrum,6,299,0
1990,47,0,1196,Brian Claar,6,282,0
1990,47,0,1331,Rick Fehr,6,306,0
1990,47,0,1418,Bill Glasson,6,229,0
1990,47,0,1457,Jay Haas,6,295,0
1990,47,0,1533,P.H. Horgan III,6,270,0
1990,47,0,1577,Lee Janzen,6,312,0
1990,47,0,1706,Davis Love III,6,304,0
1990,47,0,1723,Andrew Magee,6,315,0
1990,47,0,1876,Greg Norman,6,182,0
1990,47,0,2041,Bill Sander,6,302,0
1990,47,0,2101,Joey Sindelar,6,274,0
1990,47,0,2133,Craig Stadler,6,211,0
1990,47,0,2170,Hal Sutton,6,288,0
1990,66,0,1078,Jim Benepe,5,259,0
1990,66,0,1203,Russ Cochran,5,283,0
1990,66,0,1266,Clark Dennis,5,283,0
1990,66,0,1435,Wayne Grady,5,275,0
1990,66,0,1468,Gary Hallberg,5,271,0
1990,66,0,6284,Jim Hallet,5,391,0
1990,66,0,6148,Dennis Harrington,5,234,0
1990,66,0,1499,Mark Hayes,5,265,0
1990,66,0,1682,Wayne Levi,5,260,0
1990,66,0,1891,David Ogrin,5,277,0
1990,66,0,1926,Steve Pate,5,324,0
1990,66,0,1960,Don Pooley,5,249,0
1990,66,0,1968,Nick Price,5,318,0
1990,66,0,2148,Ray Stewart,5,293,0
1990,66,0,2167,Mike Sullivan,5,255,0
1990,66,0,2185,Lance Ten Broeck,5,309,0
1990,66,0,2224,Greg Twiggs,5,283,0
1990,66,0,2230,Stan Utley,5,356,0
1990,66,0,2245,Grant Waite,5,230,0
1990,85,0,1014,Fulton Allem,4,240,0
1990,85,0,6197,Michael Allen,4,316,0
1990,85,0,1023,Jerry Anderson,4,180,0
1990,85,0,1037,Dewey Arnette,4,204,0
1990,85,0,1175,Jim Carter,4,294,0
1990,85,0,1261,Jay Delsing,4,304,0
1990,85,0,1284,Mike Donald,4,372,0
1990,85,0,1320,Bob Estes,4,276,0
1990,85,0,1333,Jack Ferenz,4,152,0
1990,85,0,1361,Dan Forsman,4,275,0
1990,85,0,1475,Donnie Hammond,4,232,0
1990,85,0,1489,Steve Hart,4,204,0
1990,85,0,1507,Webb Heintzelman,4,284,0
1990,85,0,6122,Greg Hickman,4,176,0
1990,85,0,1553,John Huston,4,244,0
1990,85,0,1633,Tom Kite,4,260,0
1990,85,0,6128,Steve Lamontagne,4,267,0
1990,85,0,1690,Bruce Lietzke,4,206,0
1990,85,0,1725,John Mahaffey,4,312,0
1990,85,0,1736,Roger Maltbie,4,230,0
1990,85,0,1766,Billy Mayfair,4,337,0
1990,85,0,1797,Rocco Mediate,4,284,0
1990,85,0,1941,Tom Pernice Jr.,4,170,0
1990,85,0,6136,Mike Schuchart,4,210,0
1990,85,0,2095,Larry Silveira,4,254,0
1990,85,0,2111,Mike Smith,4,284,0
1990,85,0,2118,J.C. Snead,4,247,0
1990,85,0,2190,Doug Tewell,4,258,0
1990,85,0,2246,Duffy Waldorf,4,294,0
1990,85,0,2256,Tom Watson,4,185,0
1990,85,0,2267,D.A. Weibring,4,212,0
1990,116,0,1040,Emlyn Aubrey,3,325,0
1990,116,0,1061,Ray Barr Jr.,3,183,0
1990,116,0,1093,Ronnie Black,3,269,0
1990,116,0,1143,Brad Bryant,3,306,0
1990,116,0,1150,George Burns,3,302,0
1990,116,0,1168,David Canipe,3,267,0
1990,116,0,1219,John Cook,3,321,0
1990,116,0,6150,Carl Cooper,3,164,0
1990,116,0,1288,Ed Dougherty,3,224,0
1990,116,0,6144,John Dowdall,3,164,0
1990,116,0,1303,Bob Eastwood,3,297,0
1990,116,0,1310,Dave Eichelberger,3,341,0
1990,116,0,1329,Brad Faxon,3,292,0
1990,116,0,1414,Bob Gilder,3,246,0
1990,116,0,1458,Jerry Haas,3,283,0
1990,116,0,1487,Jeff Hart,3,272,0
1990,116,0,1569,Peter Jacobsen,3,252,0
1990,116,0,1607,Brian Kamm,3,150,0
1990,116,0,1641,Gary Koch,3,180,0
1990,116,0,1783,Mark McCumber,3,266,0
1990,116,0,1823,Larry Mize,3,247,0
1990,116,0,1846,Jodie Mudd,3,272,0
1990,116,0,6140,Sean Murphy,3,190,0
1990,116,0,1925,Jerry Pate,3,185,0
1990,116,0,2007,Larry Rinker,3,306,0
1990,116,0,2186,Brian Tennyson,3,322,0
1990,116,0,2195,Leonard Thompson,3,308,0
1990,116,0,2225,Howard Twitty,3,296,0
1990,116,0,2294,Willie Wood,3,216,0
1990,145,0,6142,Mitch Adcock,2,170,0
1990,145,0,1133,Billy Ray Brown,2,264,0
1990,145,0,1154,Bill Buttner,2,294,0
1990,145,0,1197,Bobby Clampett,2,174,0
1990,145,0,1235,Ben Crenshaw,2,210,0
1990,145,0,1306,David Edwards,2,253,0
1990,145,0,1323,Brad Fabel,2,260,0
1990,145,0,1355,Raymond Floyd,2,171,0
1990,145,0,1381,Fred Funk,2,269,0
1990,145,0,1559,Hale Irwin,2,177,0
1990,145,0,6332,Neal Lancaster,2,230,0
1990,145,0,1701,Bob Lohr,2,314,0
1990,145,0,1790,Pat McGowan,2,284,0
1990,145,0,1837,Gil Morgan,2,258,0
1990,145,0,1887,Mark O'Meara,2,282,0
1990,145,0,1928,Corey Pavin,2,336,0
1990,145,0,1935,Calvin Peete,2,233,0
1990,145,0,1996,Mike Reid,2,222,0
1990,145,0,2010,Loren Roberts,2,355,0
1990,145,0,2033,Dave Rummells,2,249,0
1990,145,0,2094,Tony Sills,2,180,0
1990,145,0,6132,Sonny Skinner,2,230,0
1990,145,0,2159,Curtis Strange,2,240,0
1990,145,0,2180,Harry Taylor,2,180,0
1990,145,0,2215,Paul Trittler,2,270,0
1990,145,0,2292,Bob Wolcott,2,276,0
1990,145,0,2298,Jim Woodward,2,231,0
1990,172,0,1106,Jim Booros,1,272,0
1990,172,0,6124,Patrick Burke,1,170,0
1990,172,0,1200,Keith Clearwater,1,237,0
1990,172,0,1346,Ed Fiori,1,338,0
1990,172,0,1443,Hubert Green,1,206,0
1990,172,0,1469,Dan Halldorson,1,141,0
1990,172,0,1510,Nolan Henke,1,280,0
1990,172,0,1571,Barry Jaeckel,1,158,0
1990,172,0,1639,Kenny Knox,1,307,0
1990,172,0,1771,Blaine McCallister,1,286,0
1990,172,0,1835,Tommy Moore,1,276,0
1990,172,0,1971,Dillard Pruitt,1,242,0
1990,172,0,2023,Clarence Rose,1,301,0
1990,172,0,6425,Rick Todd,1,180,0
1990,172,0,2242,Lanny Wadkins,1,262,0
1990,172,0,2279,Mark Wiebe,1,324,0
1990,172,0,6130,Jeffrey Wilson,1,220,0
1989,1,0,1522,Lon Hinkle,13,295,0
1989,2,0,1706,Davis Love III,12,279,0
1989,2,0,2246,Duffy Waldorf,12,266,0
1989,4,0,1549,Mike Hulbert,11,387,0
1989,5,0,1926,Steve Pate,10,361,0
1989,6,0,1035,Tommy Armour III,9,351,0
1989,6,0,1313,Steve Elkington,9,325,0
1989,6,0,1599,Steve Jones,9,314,0
1989,6,0,1884,Mac O'Grady,9,172,0
1989,6,0,2133,Craig Stadler,9,265,0
1989,11,0,1098,Jay Don Blake,8,291,0
1989,11,0,1284,Mike Donald,8,357,0
1989,11,0,1444,Ken Green,8,275,0
1989,11,0,1846,Jodie Mudd,8,301,0
1989,11,0,2101,Joey Sindelar,8,315,0
1989,16,0,1162,Rex Caldwell,7,220,0
1989,16,0,1175,Jim Carter,7,335,0
1989,16,0,1197,Bobby Clampett,7,277,0
1989,16,0,1310,Dave Eichelberger,7,323,0
1989,16,0,1323,Brad Fabel,7,277,0
1989,16,0,1418,Bill Glasson,7,263,0
1989,16,0,1527,Scott Hoch,7,299,0
1989,16,0,2023,Clarence Rose,7,325,0
1989,16,0,2033,Dave Rummells,7,306,0
1989,16,0,2170,Hal Sutton,7,313,0
1989,16,0,2195,Leonard Thompson,7,304,0
1989,16,0,2321,Fuzzy Zoeller,7,219,0
1989,28,0,1014,Fulton Allem,6,294,0
1989,28,0,1151,Clark Burroughs,6,205,0
1989,28,0,1161,Mark Calcavecchia,6,279,0
1989,28,0,1226,Fred Couples,6,289,0
1989,28,0,1385,Jim Gallagher Jr.,6,365,0
1989,28,0,1390,Buddy Gardner,6,363,0
1989,28,0,1414,Bob Gilder,6,295,0
1989,28,0,1457,Jay Haas,6,289,0
1989,28,0,1468,Gary Hallberg,6,292,0
1989,28,0,1489,Steve Hart,6,232,0
1989,28,0,1499,Mark Hayes,6,272,0
1989,28,0,1723,Andrew Magee,6,333,0
1989,28,0,1755,Dick Mast,6,267,0
1989,28,0,1766,Billy Mayfair,6,316,0
1989,28,0,1837,Gil Morgan,6,285,0
1989,28,0,1943,Chris Perry,6,341,0
1989,28,0,1984,Sam Randolph,6,191,0
1989,45,0,1068,Andy Bean,5,234,0
1989,45,0,1078,Jim Benepe,5,247,0
1989,45,0,1129,Bill Britton,5,349,0
1989,45,0,1133,Billy Ray Brown,5,309,0
1989,45,0,1143,Brad Bryant,5,343,0
1989,45,0,1282,Trevor Dodds,5,184,0
1989,45,0,1361,Dan Forsman,5,272,0
1989,45,0,1475,Donnie Hammond,5,273,0
1989,45,0,1507,Webb Heintzelman,5,313,0
1989,45,0,1564,David Jackson,5,164,0
1989,45,0,1690,Bruce Lietzke,5,257,0
1989,45,0,1773,Ronnie McCann,5,174,0
1989,45,0,1931,Rick Pearson,5,236,0
1989,45,0,1945,Kenny Perry,5,263,0
1989,45,0,2041,Bill Sander,5,306,0
1989,45,0,2100,Tim Simpson,5,333,0
1989,45,0,2104,Jeff Sluman,5,277,0
1989,45,0,2146,Payne Stewart,5,260,0
1989,45,0,2279,Mark Wiebe,5,320,0
1989,45,0,2292,Bob Wolcott,5,202,0
1989,45,0,2303,Robert Wrenn,5,281,0
1989,66,1,1049,Ian Baker-Finch,4,183,0
1989,66,1,1060,Dave Barr,4,305,0
1989,66,1,1093,Ronnie Black,4,281,0
1989,66,1,1096,Phil Blackmar,4,270,0
1989,66,1,1303,Bob Eastwood,4,275,0
1989,66,1,1320,Bob Estes,4,228,0
1989,66,1,1329,Brad Faxon,4,294,0
1989,66,1,1559,Hale Irwin,4,210,0
1989,66,1,1571,Barry Jaeckel,4,204,0
1989,66,1,1614,Jack Kay Jr.,4,235,0
1989,66,1,1633,Tom Kite,4,265,0
1989,66,1,1662,Greg Ladehoff,4,243,0
1989,66,1,1685,J.L. Lewis,4,150,0
1989,66,1,1701,Bob Lohr,4,311,0
1989,66,1,1715,Mark Lye,4,299,0
1989,66,1,1725,John Mahaffey,4,323,0
1989,66,1,1797,Rocco Mediate,4,339,0
1989,66,1,1925,Jerry Pate,4,164,0
1989,66,1,1975,Tom Purtzer,4,265,0
1989,66,1,2010,Loren Roberts,4,377,0
1989,66,1,2049,Gene Sauers,4,273,0
1989,66,1,2067,Ted Schulz,4,351,0
1989,66,1,2087,Don Shirey Jr.,4,256,0
1989,66,1,2148,Ray Stewart,4,208,0
1989,66,1,2159,Curtis Strange,4,246,0
1989,66,1,2190,Doug Tewell,4,269,0
1989,66,1,2201,Jim Thorpe,4,249,0
1989,66,1,2223,Bob Tway,4,293,0
1989,66,1,2242,Lanny Wadkins,4,278,0
1989,95,3,1006,John Adams,3,283,0
1989,95,3,1024,Billy Andrade,3,293,0
1989,95,3,1042,Paul Azinger,3,287,0
1989,95,3,1061,Ray Barr Jr.,3,207,0
1989,95,3,1106,Jim Booros,3,266,0
1989,95,3,1203,Russ Cochran,3,272,0
1989,95,3,1306,David Edwards,3,298,0
1989,95,3,1331,Rick Fehr,3,228,0
1989,95,3,1374,Robin Freeman,3,253,0
1989,95,3,1378,David Frost,3,292,0
1989,95,3,1435,Wayne Grady,3,270,0
1989,95,3,1448,Tony Grimes,3,228,0
1989,95,3,1469,Dan Halldorson,3,269,0
1989,95,3,6284,Jim Hallet,3,357,0
1989,95,3,1550,Ed Humenik,3,244,0
1989,95,3,1553,John Huston,3,282,0
1989,95,3,1771,Blaine McCallister,3,318,0
1989,95,3,1777,John McComish,3,268,0
1989,95,3,1941,Tom Pernice Jr.,3,194,0
1989,95,3,1958,Dan Pohl,3,240,0
1989,95,3,1968,Nick Price,3,312,0
1989,95,3,2090,Tom Sieckmann,3,254,0
1989,95,3,2094,Tony Sills,3,271,0
1989,95,3,2095,Larry Silveira,3,242,0
1989,95,3,2118,J.C. Snead,3,277,0
1989,95,3,2225,Howard Twitty,3,295,0
1989,95,3,2241,Bobby Wadkins,3,331,0
1989,95,3,2322,Richard Zokol,3,243,0
1989,123,7,1030,Isao Aoki,2,178,0
1989,123,7,1072,Chip Beck,2,245,0
1989,123,7,1112,Charlie Bowles,2,186,0
1989,123,7,1132,Mark Brooks,2,280,0
1989,123,7,1150,George Burns,2,188,0
1989,123,7,1156,Curt Byrum,2,321,0
1989,123,7,1201,Lennie Clements,2,259,0
1989,123,7,1235,Ben Crenshaw,2,252,0
1989,123,7,1261,Jay Delsing,2,194,0
1989,123,7,1307,Joel Edwards,2,220,0
1989,123,7,1326,Nick Faldo,2,196,0
1989,123,7,1355,Raymond Floyd,2,178,0
1989,123,7,1569,Peter Jacobsen,2,277,0
1989,123,7,1626,Karl Kimball,2,163,0
1989,123,7,1682,Wayne Levi,2,281,0
1989,123,7,1717,Sandy Lyle,2,183,0
1989,123,7,1783,Mark McCumber,2,216,0
1989,123,7,1790,Pat McGowan,2,294,0
1989,123,7,1813,Mike Miles,2,212,0
1989,123,7,1823,Larry Mize,2,299,0
1989,123,7,1864,Larry Nelson,2,186,0
1989,123,7,1876,Greg Norman,2,206,0
1989,123,7,1887,Mark O'Meara,2,275,0
1989,123,7,1891,David Ogrin,2,291,0
1989,123,7,1928,Corey Pavin,2,309,0
1989,123,7,1960,Don Pooley,2,249,0
1989,123,7,1992,Don Reese,2,283,0
1989,123,7,1996,Mike Reid,2,232,0
1989,123,7,2167,Mike Sullivan,2,255,0
1989,123,7,2185,Lance Ten Broeck,2,252,0
1989,123,7,2186,Brian Tennyson,2,327,0
1989,123,7,2196,Robert Thompson,2,228,0
1989,123,7,2239,Scott Verplank,2,273,0
1989,123,7,2256,Tom Watson,2,200,0
1989,123,7,2261,Doug Weaver,2,208,0
1989,158,16,1033,George Archer,1,233,0
1989,158,16,1086,Roy Biancalana,1,208,0
1989,158,16,1154,Bill Buttner,1,264,0
1989,158,16,1168,David Canipe,1,291,0
1989,158,16,1248,Rick Dalpos,1,216,0
1989,158,16,1346,Ed Fiori,1,341,0
1989,158,16,1443,Hubert Green,1,245,0
1989,158,16,1495,Morris Hatalsky,1,212,0
1989,158,16,1510,Nolan Henke,1,220,0
1989,158,16,1557,John Inman,1,279,0
1989,158,16,1639,Kenny Knox,1,357,0
1989,158,16,1641,Gary Koch,1,227,0
1989,158,16,1736,Roger Maltbie,1,253,0
1989,158,16,1877,Tim Norris,1,275,0
1989,158,16,1935,Calvin Peete,1,183,0
1989,158,16,1952,Billy Pierot,1,208,0
1989,158,16,2007,Larry Rinker,1,285,0
1989,158,16,2099,Scott Simpson,1,236,0
1989,158,16,2222,Billy Tuten,1,222,0
1989,158,16,2224,Greg Twiggs,1,256,0
1989,158,16,2267,D.A. Weibring,1,240,0
1989,158,16,2294,Willie Wood,1,169,0
1988,1,0,1444,Ken Green,19,317,0
1988,2,0,1161,Mark Calcavecchia,13,386,0
1988,2,0,2101,Joey Sindelar,13,353,0
1988,4,0,2246,Duffy Waldorf,12,302,0
1988,5,0,1151,Clark Burroughs,11,291,0
1988,5,0,1361,Dan Forsman,11,437,0
1988,5,0,6284,Jim Hallet,11,345,0
1988,5,0,1783,Mark McCumber,11,244,0
1988,5,0,2049,Gene Sauers,11,343,0
1988,10,0,1553,John Huston,10,312,0
1988,10,0,1662,Greg Ladehoff,10,340,0
1988,12,0,1035,Tommy Armour III,9,317,0
1988,12,0,1096,Phil Blackmar,9,257,0
1988,12,0,1310,Dave Eichelberger,9,334,0
1988,12,0,1549,Mike Hulbert,9,371,0
1988,12,0,1706,Davis Love III,9,295,0
1988,12,0,1846,Jodie Mudd,9,326,0
1988,12,0,1958,Dan Pohl,9,283,0
1988,12,0,2133,Craig Stadler,9,215,0
1988,12,0,2146,Payne Stewart,9,297,0
1988,12,0,2190,Doug Tewell,9,227,0
1988,12,0,2223,Bob Tway,9,327,0
1988,12,0,2313,Bruce Zabriski,9,287,0
1988,24,0,1197,Bobby Clampett,8,306,0
1988,24,0,1226,Fred Couples,8,337,0
1988,24,0,1414,Bob Gilder,8,281,0
1988,24,0,1499,Mark Hayes,8,343,0
1988,24,0,1715,Mark Lye,8,309,0
1988,24,0,1717,Sandy Lyle,8,191,0
1988,24,0,1782,Mike McCullough,8,300,0
1988,24,0,1941,Tom Pernice Jr.,8,296,0
1988,24,0,2007,Larry Rinker,8,329,0
1988,24,0,2192,Steve Thomas,8,252,0
1988,24,0,2241,Bobby Wadkins,8,363,0
1988,24,0,2242,Lanny Wadkins,8,285,0
1988,24,0,2244,Fred Wadsworth,8,260,0
1988,37,0,1093,Ronnie Black,7,281,0
1988,37,0,1329,Brad Faxon,7,307,0
1988,37,0,1475,Donnie Hammond,7,341,0
1988,37,0,1569,Peter Jacobsen,7,269,0
1988,37,0,1723,Andrew Magee,7,309,0
1988,37,0,1755,Dick Mast,7,325,0
1988,37,0,1771,Blaine McCallister,7,363,0
1988,37,0,1837,Gil Morgan,7,239,0
1988,37,0,2041,Bill Sander,7,285,0
1988,37,0,2148,Ray Stewart,7,321,0
1988,37,0,2159,Curtis Strange,7,261,0
1988,37,0,2239,Scott Verplank,7,327,0
1988,37,0,2303,Robert Wrenn,7,325,0
1988,50,0,1006,John Adams,6,212,0
1988,50,0,1098,Jay Don Blake,6,367,0
1988,50,0,1150,George Burns,6,198,0
1988,50,0,1154,Bill Buttner,6,301,0
1988,50,0,1191,Barry Cheesman,6,248,0
1988,50,0,1201,Lennie Clements,6,357,0
1988,50,0,1203,Russ Cochran,6,335,0
1988,50,0,1331,Rick Fehr,6,273,0
1988,50,0,1390,Buddy Gardner,6,375,0
1988,50,0,1425,Ernie Gonzalez,6,278,0
1988,50,0,1468,Gary Hallberg,6,209,0
1988,50,0,1682,Wayne Levi,6,299,0
1988,50,0,1736,Roger Maltbie,6,265,0
1988,50,0,1790,Pat McGowan,6,317,0
1988,50,0,1851,Bob Murphy,6,252,0
1988,50,0,1858,Tommy Nakajima,6,134,0
1988,50,0,1864,Larry Nelson,6,188,0
1988,50,0,1876,Greg Norman,6,148,0
1988,50,0,1884,Mac O'Grady,6,205,0
1988,50,0,1926,Steve Pate,6,331,0
1988,50,0,1943,Chris Perry,6,367,0
1988,50,0,1984,Sam Randolph,6,235,0
1988,50,0,2023,Clarence Rose,6,365,0
1988,50,0,2033,Dave Rummells,6,367,0
1988,50,0,2094,Tony Sills,6,342,0
1988,50,0,2100,Tim Simpson,6,317,0
1988,50,0,2167,Mike Sullivan,6,314,0
1988,50,0,2180,Harry Taylor,6,170,0
1988,50,0,2229,Brett Upper,6,277,0
1988,79,0,1042,Paul Azinger,5,285,0
1988,79,0,1060,Dave Barr,5,305,0
1988,79,0,1072,Chip Beck,5,289,0
1988,79,0,1086,Roy Biancalana,5,244,0
1988,79,0,1106,Jim Booros,5,277,0
1988,79,0,1129,Bill Britton,5,332,0
1988,79,0,1132,Mark Brooks,5,326,0
1988,79,0,1143,Brad Bryant,5,276,0
1988,79,0,1346,Ed Fiori,5,361,0
1988,79,0,1457,Jay Haas,5,317,0
1988,79,0,1469,Dan Halldorson,5,339,0
1988,79,0,1571,Barry Jaeckel,5,265,0
1988,79,0,1639,Kenny Knox,5,367,0
1988,79,0,1690,Bruce Lietzke,5,295,0
1988,79,0,1707,Steve Lowery,5,336,0
1988,79,0,1725,John Mahaffey,5,347,0
1988,79,0,1887,Mark O'Meara,5,281,0
1988,79,0,1892,Aki Ohmachi,5,321,0
1988,79,0,1931,Rick Pearson,5,296,0
1988,79,0,1945,Kenny Perry,5,345,0
1988,79,0,2215,Paul Trittler,5,220,0
1988,79,0,2225,Howard Twitty,5,362,0
1988,79,0,2256,Tom Watson,5,172,0
1988,102,0,1133,Billy Ray Brown,4,340,0
1988,102,0,1185,Brandel Chamblee,4,248,0
1988,102,0,1200,Keith Clearwater,4,277,0
1988,102,0,1219,John Cook,4,307,0
1988,102,0,1284,Mike Donald,4,379,0
1988,102,0,1385,Jim Gallagher Jr.,4,212,0
1988,102,0,1418,Bill Glasson,4,295,0
1988,102,0,1495,Morris Hatalsky,4,248,0
1988,102,0,1527,Scott Hoch,4,345,0
1988,102,0,1641,Gary Koch,4,238,0
1988,102,0,1648,Billy Kratzert,4,303,0
1988,102,0,1938,David Peoples,4,331,0
1988,102,0,1968,Nick Price,4,236,0
1988,102,0,1986,Joey Rassett,4,237,0
1988,102,0,2090,Tom Sieckmann,4,262,0
1988,102,0,2255,Denis Watson,4,238,0
1988,102,0,2294,Willie Wood,4,265,0
1988,102,0,2311,Kim Young,4,242,0
1988,102,0,2321,Fuzzy Zoeller,4,231,0
1988,102,0,2322,Richard Zokol,4,243,0
1988,122,0,1156,Curt Byrum,3,329,0
1988,122,0,1157,Tom Byrum,3,401,0
1988,122,0,1175,Jim Carter,3,294,0
1988,122,0,1214,Frank Conner,3,190,0
1988,122,0,1261,Jay Delsing,3,276,0
1988,122,0,1303,Bob Eastwood,3,305,0
1988,122,0,1313,Steve Elkington,3,312,0
1988,122,0,1323,Brad Fabel,3,337,0
1988,122,0,1476,Mike Hammond,3,240,0
1988,122,0,1557,John Inman,3,327,0
1988,122,0,1599,Steve Jones,3,269,0
1988,122,0,1701,Bob Lohr,3,379,0
1988,122,0,1797,Rocco Mediate,3,375,0
1988,122,0,1823,Larry Mize,3,242,0
1988,122,0,1928,Corey Pavin,3,251,0
1988,122,0,1960,Don Pooley,3,247,0
1988,122,0,1971,Dillard Pruitt,3,284,0
1988,122,0,1975,Tom Purtzer,3,268,0
1988,122,0,2099,Scott Simpson,3,212,0
1988,122,0,2104,Jeff Sluman,3,359,0
1988,122,0,2160,Ron Streck,3,216,0
1988,143,0,1024,Billy Andrade,2,330,0
1988,143,0,1033,George Archer,2,326,0
1988,143,0,1061,Ray Barr Jr.,2,202,0
1988,143,0,1068,Andy Bean,2,137,0
1988,143,0,1235,Ben Crenshaw,2,297,0
1988,143,0,1355,Raymond Floyd,2,199,0
1988,143,0,1378,David Frost,2,261,0
1988,143,0,1559,Hale Irwin,2,227,0
1988,143,0,1737,Mark Maness,2,184,0
1988,143,0,1826,Brian Mogg,2,242,0
1988,143,0,1935,Calvin Peete,2,256,0
1988,143,0,1996,Mike Reid,2,241,0
1988,143,0,2170,Hal Sutton,2,261,0
1988,143,0,2185,Lance Ten Broeck,2,274,0
1988,143,0,2186,Brian Tennyson,2,341,0
1988,143,0,2195,Leonard Thompson,2,349,0
1988,143,0,2196,Robert Thompson,2,338,0
1988,143,0,2279,Mark Wiebe,2,367,0
1988,161,0,1014,Fulton Allem,1,211,0
1988,161,0,1077,Mike Bender,1,268,0
1988,161,0,1127,Danny Briggs,1,206,0
1988,161,0,1135,Ken Brown,1,195,0
1988,161,0,1168,David Canipe,1,296,0
1988,161,0,1179,Antonio Cerda,1,226,0
1988,161,0,1236,Richard Cromwell,1,242,0
1988,161,0,1288,Ed Dougherty,1,309,0
1988,161,0,1305,Danny Edwards,1,197,0
1988,161,0,1306,David Edwards,1,261,0
1988,161,0,1435,Wayne Grady,1,218,0
1988,161,0,1443,Hubert Green,1,209,0
1988,161,0,1633,Tom Kite,1,242,0
1988,161,0,1877,Tim Norris,1,282,0
1988,161,0,1891,David Ogrin,1,309,0
1988,161,0,1964,Greg Powers,1,199,0
1988,161,0,1970,Bob Proben,1,272,0
1988,161,0,1998,Jack Renner,1,315,0
1988,161,0,2010,Loren Roberts,1,322,0
1988,161,0,2118,J.C. Snead,1,282,0
1988,161,0,2126,Bruce Soulsby,1,188,0
1988,161,0,2267,D.A. Weibring,1,254,0
1987,1,0,1096,Phil Blackmar,17,335,0
1987,2,0,1926,Steve Pate,14,391,0
1987,3,0,1706,Davis Love III,13,292,0
1987,4,0,2049,Gene Sauers,12,345,0
1987,5,0,2033,Dave Rummells,11,357,0
1987,6,0,1072,Chip Beck,10,304,0
1987,6,0,1098,Jay Don Blake,10,331,0
1987,6,0,1414,Bob Gilder,10,326,0
1987,6,0,1725,John Mahaffey,10,338,0
1987,10,0,1093,Ronnie Black,9,329,0
1987,10,0,1248,Rick Dalpos,9,307,0
1987,10,0,1418,Bill Glasson,9,310,0
1987,10,0,1457,Jay Haas,9,363,0
1987,10,0,1777,John McComish,9,243,0
1987,10,0,2170,Hal Sutton,9,300,0
1987,10,0,2256,Tom Watson,9,220,0
1987,17,0,1161,Mark Calcavecchia,8,277,0
1987,17,0,1361,Dan Forsman,8,408,0
1987,17,0,1499,Mark Hayes,8,355,0
1987,17,0,1884,Mac O'Grady,8,268,0
1987,17,0,1958,Dan Pohl,8,304,0
1987,17,0,2023,Clarence Rose,8,399,0
1987,17,0,2246,Duffy Waldorf,8,302,0
1987,24,0,1006,John Adams,7,337,0
1987,24,0,1042,Paul Azinger,7,305,0
1987,24,0,1150,George Burns,7,347,0
1987,24,0,1226,Fred Couples,7,281,0
1987,24,0,1329,Brad Faxon,7,325,0
1987,24,0,1378,David Frost,7,313,0
1987,24,0,1468,Gary Hallberg,7,310,0
1987,24,0,1522,Lon Hinkle,7,240,0
1987,24,0,1639,Kenny Knox,7,328,0
1987,24,0,1771,Blaine McCallister,7,367,0
1987,24,0,1783,Mark McCumber,7,310,0
1987,24,0,1790,Pat McGowan,7,314,0
1987,24,0,1876,Greg Norman,7,200,0
1987,24,0,1945,Kenny Perry,7,270,0
1987,24,0,2133,Craig Stadler,7,272,0
1987,24,0,2146,Payne Stewart,7,316,0
1987,24,0,2321,Fuzzy Zoeller,7,262,0
1987,41,0,1197,Bobby Clampett,6,284,0
1987,41,0,1261,Jay Delsing,6,328,0
1987,41,0,1282,Trevor Dodds,6,272,0
1987,41,0,1306,David Edwards,6,220,0
1987,41,0,1355,Raymond Floyd,6,210,0
1987,41,0,1446,Brad Greer,6,258,0
1987,41,0,1469,Dan Halldorson,6,307,0
1987,41,0,1569,Peter Jacobsen,6,289,0
1987,41,0,1975,Tom Purtzer,6,318,0
1987,41,0,1984,Sam Randolph,6,271,0
1987,41,0,2041,Bill Sander,6,310,0
1987,41,0,2101,Joey Sindelar,6,368,0
1987,41,0,2190,Doug Tewell,6,252,0
1987,41,0,2223,Bob Tway,6,302,0
1987,41,0,2303,Robert Wrenn,6,239,0
1987,56,0,1037,Dewey Arnette,5,209,0
1987,56,0,1060,Dave Barr,5,308,0
1987,56,0,1068,Andy Bean,5,188,0
1987,56,0,1103,Charles Bolling,5,341,0
1987,56,0,1200,Keith Clearwater,5,375,0
1987,56,0,1206,Bobby Cole,5,326,0
1987,56,0,1284,Mike Donald,5,374,0
1987,56,0,1288,Ed Dougherty,5,268,0
1987,56,0,1303,Bob Eastwood,5,306,0
1987,56,0,1305,Danny Edwards,5,274,0
1987,56,0,1310,Dave Eichelberger,5,303,0
1987,56,0,1323,Brad Fabel,5,255,0
1987,56,0,1390,Buddy Gardner,5,373,0
1987,56,0,1436,David Graham,5,212,0
1987,56,0,1475,Donnie Hammond,5,264,0
1987,56,0,1527,Scott Hoch,5,289,0
1987,56,0,1534,John Horne,5,202,0
1987,56,0,1666,Bernhard Langer,5,186,0
1987,56,0,1690,Bruce Lietzke,5,252,0
1987,56,0,1846,Jodie Mudd,5,334,0
1987,56,0,1887,Mark O'Meara,5,299,0
1987,56,0,1960,Don Pooley,5,302,0
1987,56,0,2100,Tim Simpson,5,372,0
1987,56,0,2126,Bruce Soulsby,5,291,0
1987,56,0,2279,Mark Wiebe,5,389,0
1987,81,0,1039,Perry Arthur,4,246,0
1987,81,0,1156,Curt Byrum,4,386,0
1987,81,0,1168,David Canipe,4,273,0
1987,81,0,1179,Antonio Cerda,4,318,0
1987,81,0,1196,Brian Claar,4,357,0
1987,81,0,1203,Russ Cochran,4,358,0
1987,81,0,1313,Steve Elkington,4,331,0
1987,81,0,1346,Ed Fiori,4,291,0
1987,81,0,1385,Jim Gallagher Jr.,4,349,0
1987,81,0,1392,Tom Garner,4,275,0
1987,81,0,1444,Ken Green,4,326,0
1987,81,0,1797,Rocco Mediate,4,326,0
1987,81,0,1823,Larry Mize,4,244,0
1987,81,0,1861,Jim Nelford,4,258,0
1987,81,0,1877,Tim Norris,4,312,0
1987,81,0,1892,Aki Ohmachi,4,267,0
1987,81,0,1943,Chris Perry,4,351,0
1987,81,0,2087,Don Shirey Jr.,4,280,0
1987,81,0,2094,Tony Sills,4,297,0
1987,81,0,2104,Jeff Sluman,4,362,0
1987,81,0,2118,J.C. Snead,4,301,0
1987,81,0,2148,Ray Stewart,4,291,0
1987,81,0,2159,Curtis Strange,4,313,0
1987,81,0,2160,Ron Streck,4,314,0
1987,81,0,2241,Bobby Wadkins,4,316,0
1987,81,0,2244,Fred Wadsworth,4,328,0
1987,81,0,2322,Richard Zokol,4,220,0
1987,108,0,1129,Bill Britton,3,273,0
1987,108,0,1157,Tom Byrum,3,357,0
1987,108,0,1175,Jim Carter,3,328,0
1987,108,0,1201,Lennie Clements,3,269,0
1987,108,0,1235,Ben Crenshaw,3,258,0
1987,108,0,1278,Andy Dillard,3,280,0
1987,108,0,1513,Denny Hepler,3,182,0
1987,108,0,1549,Mike Hulbert,3,376,0
1987,108,0,1633,Tom Kite,3,280,0
1987,108,0,1676,Ted Lehmann,3,214,0
1987,108,0,1682,Wayne Levi,3,300,0
1987,108,0,1687,Jeff Lewis,3,211,0
1987,108,0,1701,Bob Lohr,3,336,0
1987,108,0,1864,Larry Nelson,3,222,0
1987,108,0,1968,Nick Price,3,267,0
1987,108,0,1998,Jack Renner,3,296,0
1987,108,0,2016,Bill Rogers,3,258,0
1987,108,0,2167,Mike Sullivan,3,282,0
1987,108,0,2180,Harry Taylor,3,262,0
1987,108,0,2195,Leonard Thompson,3,349,0
1987,108,0,2196,Robert Thompson,3,238,0
1987,108,0,2225,Howard Twitty,3,334,0
1987,108,0,2242,Lanny Wadkins,3,268,0
1987,108,0,2294,Willie Wood,3,342,0
1987,132,0,1095,Woody Blackburn,2,192,0
1987,132,0,1132,Mark Brooks,2,303,0
1987,132,0,1135,Ken Brown,2,229,0
1987,132,0,1162,Rex Caldwell,2,211,0
1987,132,0,1425,Ernie Gonzalez,2,349,0
1987,132,0,1526,David Hobby,2,206,0
1987,132,0,1557,John Inman,2,312,0
1987,132,0,1559,Hale Irwin,2,236,0
1987,132,0,1571,Barry Jaeckel,2,322,0
1987,132,0,1593,Philip Jonas,2,200,0
1987,132,0,1648,Billy Kratzert,2,286,0
1987,132,0,1715,Mark Lye,2,346,0
1987,132,0,1717,Sandy Lyle,2,178,0
1987,132,0,1723,Andrew Magee,2,326,0
1987,132,0,1736,Roger Maltbie,2,267,0
1987,132,0,1782,Mike McCullough,2,223,0
1987,132,0,1837,Gil Morgan,2,150,0
1987,132,0,1891,David Ogrin,2,289,0
1987,132,0,1996,Mike Reid,2,331,0
1987,132,0,2007,Larry Rinker,2,325,0
1987,132,0,2090,Tom Sieckmann,2,302,0
1987,132,0,2098,Jim Simons,2,185,0
1987,132,0,2099,Scott Simpson,2,278,0
1987,132,0,2201,Jim Thorpe,2,186,0
1987,132,0,2229,Brett Upper,2,279,0
1987,132,0,2239,Scott Verplank,2,289,0
1987,132,0,2255,Denis Watson,2,319,0
1987,132,0,2267,D.A. Weibring,2,268,0
1987,160,0,1061,Ray Barr Jr.,1,262,0
1987,160,0,1077,Mike Bender,1,280,0
1987,160,0,1192,T.C. Chen,1,184,0
1987,160,0,1214,Frank Conner,1,147,0
1987,160,0,1219,John Cook,1,321,0
1987,160,0,1331,Rick Fehr,1,204,0
1987,160,0,1443,Hubert Green,1,241,0
1987,160,0,1448,Tony Grimes,1,209,0
1987,160,0,1584,Doug Johnson,1,250,0
1987,160,0,1599,Steve Jones,1,305,0
1987,160,0,1641,Gary Koch,1,228,0
1987,160,0,1654,Gary Krueger,1,232,0
1987,160,0,1851,Bob Murphy,1,273,0
1987,160,0,1878,Andy North,1,206,0
1987,160,0,1928,Corey Pavin,1,284,0
1987,160,0,1935,Calvin Peete,1,228,0
1987,160,0,1938,David Peoples,1,239,0
1987,160,0,1952,Billy Pierot,1,173,0
1987,160,0,2002,John Riegger,1,178,0
1987,160,0,2010,Loren Roberts,1,270,0
1987,160,0,2111,Mike Smith,1,241,0
1987,160,0,2152,Dave Stockton,1,187,0
