YEAR,RANK,MOVEMENT,PLAYER_ID,PLAYER,%,SUCCESSES,ATTEMPTS
2024,1,0,27349,Alex Noren,44.68%,21,47
2024,2,0,39971,Sungjae Im,44.12%,30,68
2024,3,0,37455,Si Woo Kim,42.03%,29,69
2024,4,0,30927,Brendon Todd,41.51%,44,106
2024,5,0,46717,Viktor Hovland,40.82%,20,49
2024,6,0,46442,Maverick McNealy,40.48%,34,84
2024,7,0,33204,Shane Lowry,39.34%,24,61
2024,8,0,24024,Zach Johnson,39.13%,18,46
2024,9,0,35506,Mackenzie Hughes,39.09%,43,110
2024,10,0,29420,Billy Horschel,38.96%,30,77
2024,11,0,51349,Nico Echavarria,38.89%,28,72
2024,12,0,32839,Hideki Matsuyama,37.93%,22,58
2024,13,0,32367,Jorge Campillo,37.84%,14,37
2024,14,0,48081,Xander Schauffele,37.78%,17,45
2024,15,0,51977,Max Greyserman,37.50%,33,88
2024,15,0,29908,C.T. Pan,37.50%,24,64
2024,17,0,29478,Kevin Kisner,37.10%,23,62
2024,18,0,33948,Byeong Hun An,36.76%,25,68
2024,19,0,25493,Nick Taylor,36.71%,29,79
2024,20,0,29535,Brice Garnett,36.36%,16,44
2024,21,0,34466,Peter Malnati,36.21%,42,116
2024,22,0,30163,Henrik Norlander,36.11%,13,36
2024,22,0,46046,Scottie Scheffler,36.11%,13,36
2024,24,0,28237,Rory McIlroy,35.94%,23,64
2024,24,0,47483,Will Zalatoris,35.94%,23,64
2024,26,0,59095,Chris Gotterup,35.53%,27,76
2024,27,0,28775,Nate Lashley,35.29%,24,68
2024,28,0,59143,Mac Meissner,35.19%,19,54
2024,29,0,47993,Denny McCarthy,35.11%,33,94
2024,30,0,52453,Nicolai Højgaard,34.92%,22,63
2024,31,0,56630,Akshay Bhatia,34.74%,33,95
2024,32,0,35450,Patrick Cantlay,34.62%,18,52
2024,33,0,48117,Kurt Kitayama,34.55%,19,55
2024,34,0,36884,Ben Kohles,34.43%,21,61
2024,35,0,29725,Tony Finau,34.38%,22,64
2024,36,0,27649,Brandt Snedeker,34.29%,24,70
2024,37,0,51766,Wyndham Clark,34.15%,28,82
2024,38,0,45522,Christiaan Bezuidenhout,34.09%,30,88
2024,39,0,27644,Brian Harman,34.00%,34,100
2024,40,0,29221,Webb Simpson,33.96%,18,53
2024,41,0,55182,Tom Kim,33.78%,25,74
2024,42,0,32102,Rickie Fowler,33.33%,28,84
2024,42,0,51997,Andrew Novak,33.33%,23,69
2024,42,0,52513,Carson Young,33.33%,23,69
2024,45,0,22405,Justin Rose,32.86%,23,70
2024,45,0,48887,Matt Wallace,32.86%,23,70
2024,47,0,47806,Raul Pereda,32.65%,16,49
2024,48,0,47591,Eric Cole,32.58%,43,132
2024,48,0,27129,Luke List,32.58%,29,89
2024,50,0,34099,Harris English,32.50%,26,80
2024,51,0,51634,Sahith Theegala,32.39%,23,71
2024,51,0,40006,Erik van Rooyen,32.39%,23,71
2024,53,0,34587,Chan Kim,32.35%,22,68
2024,54,0,51287,Ryo Hisatsune,32.31%,21,65
2024,55,0,34021,Bud Cauley,32.26%,10,31
2024,56,0,28089,Jason Day,32.20%,19,59
2024,57,0,33653,Thomas Detry,32.00%,24,75
2024,57,0,32757,Patton Kizzire,32.00%,16,50
2024,57,0,55893,Sam Stevens,32.00%,24,75
2024,60,0,22371,Aaron Baddeley,31.87%,29,91
2024,61,0,23108,Matt Kuchar,31.82%,28,88
2024,61,0,27139,David Skinns,31.82%,21,66
2024,63,0,40250,Taylor Pendrith,31.78%,34,107
2024,64,0,48119,Ben Taylor,31.76%,27,85
2024,65,0,48084,Wesley Bryan,31.71%,13,41
2024,66,0,33408,Tyson Alexander,31.43%,33,105
2024,67,0,46113,Ryan McCormick,31.15%,19,61
2024,67,0,50525,Collin Morikawa,31.15%,19,61
2024,69,0,60004,Jacob Bridgeman,31.08%,23,74
2024,69,0,47983,Chad Ramey,31.08%,23,74
2024,71,0,27936,Martin Laird,31.03%,18,58
2024,72,0,57366,Cameron Young,30.95%,26,84
2024,73,0,59442,Parker Coody,30.91%,17,55
2024,74,0,57900,Chandler Phillips,30.67%,23,75
2024,75,0,33141,Keegan Bradley,30.59%,26,85
2024,76,0,47347,Adam Schenk,30.39%,31,102
2024,77,0,45157,Cam Davis,30.34%,27,89
2024,78,0,50493,Justin Suh,30.26%,23,76
2024,79,0,55789,Taylor Montgomery,30.23%,26,86
2024,80,0,52375,Doug Ghim,30.19%,16,53
2024,81,0,32070,Rafael Campos,30.16%,19,63
2024,82,0,51894,Vince Whaley,30.12%,25,83
2024,83,0,40162,Justin Lower,30.10%,31,103
2024,84,0,52372,Cameron Champ,30.00%,12,40
2024,84,0,34076,Joel Dahmen,30.00%,18,60
2024,84,0,54591,Ben Griffin,30.00%,24,80
2024,87,0,33486,Roger Sloan,29.85%,20,67
2024,88,0,34098,Russell Henley,29.82%,17,57
2024,88,0,33968,Thorbjørn Olesen,29.82%,17,57
2024,90,0,29936,Ryan Fox,29.76%,25,84
2024,91,0,34256,Andrew Putnam,29.69%,19,64
2024,92,0,48319,Tom Whitney,29.63%,16,54
2024,93,0,40058,Zac Blair,29.58%,21,71
2024,94,0,60767,Blaine Hale Jr.,29.51%,18,61
2024,95,0,55708,Hayden Buckley,29.41%,20,68
2024,95,0,40098,Matt Fitzpatrick,29.41%,20,68
2024,97,0,39546,Keith Mitchell,29.31%,17,58
2024,97,0,46340,Alex Smalley,29.31%,17,58
2024,99,0,51890,Greyson Sigg,29.27%,12,41
2024,100,0,32640,Troy Merritt,29.17%,14,48
2024,100,0,47679,Victor Perez,29.17%,21,72
2024,102,0,32366,Kevin Chappell,29.09%,16,55
2024,103,0,12716,Charley Hoffman,28.99%,20,69
2024,103,0,48153,Matthieu Pavon,28.99%,20,69
2024,105,0,30911,Tommy Fleetwood,28.81%,17,59
2024,106,0,31646,Emiliano Grillo,28.40%,23,81
2024,107,0,35532,Tom Hoge,28.38%,21,74
2024,108,0,49960,Sepp Straka,28.33%,17,60
2024,109,0,49771,J.T. Poston,28.24%,24,85
2024,110,0,34255,Joseph Bramlett,28.13%,18,64
2024,111,0,54628,Lee Hodges,27.85%,22,79
2024,111,0,36799,Stephan Jaeger,27.85%,22,79
2024,113,0,40026,Daniel Berger,27.78%,15,54
2024,113,0,47988,Nick Hardy,27.78%,20,72
2024,113,0,52215,Robert MacIntyre,27.78%,15,54
2024,116,0,57362,Austin Eckroat,27.71%,23,83
2024,117,0,23320,Ryan Palmer,27.59%,8,29
2024,117,0,39327,Ben Silverman,27.59%,16,58
2024,119,0,59866,Nick Dunlap,27.40%,20,73
2024,120,0,46441,Robby Shelton,27.27%,21,77
2024,120,0,32333,Kevin Tway,27.27%,12,44
2024,122,0,36801,Mark Hubbard,27.06%,23,85
2024,123,0,25900,Lucas Glover,26.92%,21,78
2024,124,0,34563,Chesson Hadley,26.87%,18,67
2024,125,0,28252,Seamus Power,26.60%,25,94
2024,126,0,50497,Adrien Dumont de Chassart,26.58%,21,79
2024,127,0,52955,Ludvig Åberg,26.56%,17,64
2024,127,0,30926,Chris Kirk,26.56%,17,64
2024,129,0,31323,Gary Woodland,26.51%,22,83
2024,130,0,33448,Justin Thomas,26.47%,18,68
2024,131,0,57975,Harry Hall,26.44%,23,87
2024,132,0,49947,Taylor Moore,26.32%,20,76
2024,133,0,52374,Brandon Wu,26.15%,17,65
2024,134,0,46414,Aaron Rai,25.93%,14,54
2024,135,0,33399,Adam Hadwin,25.88%,22,85
2024,135,0,39977,Max Homa,25.88%,22,85
2024,135,0,36699,Patrick Rodgers,25.88%,22,85
2024,138,0,56149,Wilson Furr,25.86%,15,58
2024,138,0,24502,Adam Scott,25.86%,15,58
2024,140,0,50095,Austin Smotherman,25.71%,9,35
2024,141,0,47504,Sam Burns,25.58%,22,86
2024,142,0,50188,S.H. Kim,25.45%,28,110
2024,142,0,26596,Ryan Moore,25.45%,14,55
2024,144,0,48867,Matti Schmid,25.42%,15,59
2024,145,0,39997,Corey Conners,25.33%,19,75
2024,146,0,52514,Trace Crowe,25.00%,15,60
2024,146,0,45609,Tyler Duncan,25.00%,12,48
2024,146,0,39975,Michael Kim,25.00%,20,80
2024,146,0,32791,K.H. Lee,25.00%,17,68
2024,146,0,37378,Min Woo Lee,25.00%,17,68
2024,146,0,40115,Adam Svensson,25.00%,23,92
2024,146,0,54783,Dylan Wu,25.00%,23,92
2024,153,0,47995,Davis Riley,24.76%,26,105
2024,154,0,39324,J.J. Spaun,24.64%,17,69
2024,155,0,28420,Ryan Brehm,24.56%,14,57
2024,155,0,27214,Kevin Streelman,24.56%,14,57
2024,157,0,55454,Carl Yuan,24.39%,10,41
2024,158,0,60067,Joe Highsmith,24.19%,15,62
2024,159,0,36326,David Lipsky,23.61%,17,72
2024,160,0,36871,Matt NeSmith,23.53%,16,68
2024,161,0,51696,Rico Hoey,23.40%,11,47
2024,162,0,27770,Camilo Villegas,23.38%,18,77
2024,163,0,45242,Kevin Yu,23.21%,13,56
2024,164,0,47420,Jake Knapp,22.45%,22,98
2024,165,0,59836,Pierceson Coody,22.37%,17,76
2024,166,0,50484,Hayden Springer,22.00%,11,50
2024,167,0,27330,Josh Teater,21.82%,12,55
2024,168,0,35461,Beau Hossler,21.59%,19,88
2024,169,0,26476,Chez Reavie,21.57%,11,51
2024,170,0,34374,Erik Barnes,21.18%,18,85
2024,171,0,54421,Garrick Higgo,20.93%,18,86
2024,172,0,37275,Sam Ryder,20.90%,14,67
2024,173,0,35310,Lanto Griffin,20.83%,10,48
2024,174,0,52666,Sami Valimaki,20.63%,13,63
2024,175,0,35617,Martin Trainer,20.59%,14,68
2024,176,0,51070,Vincent Norrman,20.31%,13,64
2024,177,0,48699,Callum Tarren,20.25%,16,79
2024,178,0,37212,Paul Barjon,18.97%,11,58
2024,179,0,47663,Kevin Dougherty,18.75%,9,48
2024,180,0,54576,Patrick Fishburn,18.60%,8,43
2024,181,0,38991,Alejandro Tosti,18.57%,13,70
2024,182,0,34046,Jordan Spieth,16.92%,11,65
2024,183,0,58168,Davis Thompson,15.58%,12,77
2024,184,0,27064,Jhonattan Vegas,15.38%,8,52
2023,1,0,27349,Alex Noren,45.45%,40,88
2023,2,0,27963,Chris Stroud,43.90%,18,41
2023,3,0,35450,Patrick Cantlay,43.40%,23,53
2023,4,0,25900,Lucas Glover,43.33%,26,60
2023,5,0,34255,Joseph Bramlett,42.25%,30,71
2023,6,0,35506,Mackenzie Hughes,41.96%,47,112
2023,7,0,30911,Tommy Fleetwood,41.82%,23,55
2023,8,0,34256,Andrew Putnam,41.00%,41,100
2023,9,0,32139,Danny Willett,40.98%,25,61
2023,10,0,24925,Jonathan Byrd,40.74%,22,54
2023,11,0,35449,Adam Long,40.71%,46,113
2023,12,0,46970,Jon Rahm,39.39%,26,66
2023,13,0,39977,Max Homa,39.08%,34,87
2023,14,0,20229,Stewart Cink,38.30%,36,94
2023,15,0,34099,Harris English,37.65%,32,85
2023,16,0,29420,Billy Horschel,37.50%,27,72
2023,16,0,32839,Hideki Matsuyama,37.50%,30,80
2023,16,0,26476,Chez Reavie,37.50%,30,80
2023,19,0,49771,J.T. Poston,36.79%,39,106
2023,20,0,39324,J.J. Spaun,36.76%,25,68
2023,21,0,29908,C.T. Pan,36.73%,18,49
2023,22,0,32757,Patton Kizzire,36.36%,36,99
2023,22,0,31560,Brian Stuard,36.36%,24,66
2023,24,0,27644,Brian Harman,36.23%,25,69
2023,25,0,52955,Ludvig Åberg,36.11%,13,36
2023,26,0,30926,Chris Kirk,36.00%,36,100
2023,27,0,47504,Sam Burns,35.71%,35,98
2023,28,0,25632,Jimmy Walker,35.64%,36,101
2023,29,0,12716,Charley Hoffman,35.44%,28,79
2023,30,0,51766,Wyndham Clark,35.19%,38,108
2023,31,0,55789,Taylor Montgomery,35.11%,46,131
2023,32,0,33204,Shane Lowry,35.00%,21,60
2023,32,0,34466,Peter Malnati,35.00%,42,120
2023,34,0,35461,Beau Hossler,34.83%,31,89
2023,35,0,39067,MJ Daffue,34.78%,24,69
2023,36,0,36799,Stephan Jaeger,34.44%,31,90
2023,37,0,32816,Satoshi Kodaira,34.21%,13,38
2023,37,0,40115,Adam Svensson,34.21%,26,76
2023,39,0,58967,Trevor Werbylo,33.80%,24,71
2023,40,0,28252,Seamus Power,33.77%,26,77
2023,41,0,49947,Taylor Moore,33.64%,36,107
2023,42,0,40058,Zac Blair,33.33%,22,66
2023,42,0,39997,Corey Conners,33.33%,20,60
2023,42,0,33413,Ben Martin,33.33%,27,81
2023,42,0,45242,Kevin Yu,33.33%,13,39
2023,46,0,54783,Dylan Wu,32.97%,30,91
2023,47,0,52374,Brandon Wu,32.95%,29,88
2023,48,0,51997,Andrew Novak,32.89%,25,76
2023,49,0,46435,Austin Cook,32.79%,20,61
2023,50,0,39954,Cody Gribble,32.73%,18,55
2023,50,0,24502,Adam Scott,32.73%,18,55
2023,52,0,57975,Harry Hall,32.65%,32,98
2023,53,0,39546,Keith Mitchell,32.56%,28,86
2023,54,0,22371,Aaron Baddeley,32.50%,26,80
2023,55,0,36724,Augusto Núñez,32.31%,21,65
2023,56,0,48119,Ben Taylor,32.28%,41,127
2023,57,0,29535,Brice Garnett,32.26%,20,62
2023,58,0,31646,Emiliano Grillo,32.10%,26,81
2023,58,0,52411,Kyle Westmoreland,32.10%,26,81
2023,60,0,34610,Matthias Schwab,32.08%,34,106
2023,61,0,40098,Matt Fitzpatrick,32.00%,24,75
2023,62,0,52375,Doug Ghim,31.94%,23,72
2023,62,0,39975,Michael Kim,31.94%,23,72
2023,64,0,33448,Justin Thomas,31.91%,30,94
2023,65,0,47995,Davis Riley,31.76%,27,85
2023,66,0,54628,Lee Hodges,31.63%,31,98
2023,67,0,37455,Si Woo Kim,31.58%,24,76
2023,68,0,51890,Greyson Sigg,31.51%,23,73
2023,69,0,47591,Eric Cole,31.50%,40,127
2023,70,0,34409,David Lingmerth,31.43%,22,70
2023,70,0,50493,Justin Suh,31.43%,33,105
2023,72,0,45157,Cam Davis,31.40%,27,86
2023,72,0,30927,Brendon Todd,31.40%,27,86
2023,74,0,33948,Byeong Hun An,31.33%,26,83
2023,75,0,50188,S.H. Kim,31.31%,31,99
2023,76,0,55182,Tom Kim,31.25%,25,80
2023,77,0,55893,Sam Stevens,31.13%,33,106
2023,78,0,29725,Tony Finau,30.95%,26,84
2023,79,0,47993,Denny McCarthy,30.85%,29,94
2023,80,0,36699,Patrick Rodgers,30.77%,32,104
2023,81,0,32102,Rickie Fowler,30.69%,31,101
2023,82,0,33122,Russell Knox,30.59%,26,85
2023,82,0,58168,Davis Thompson,30.59%,26,85
2023,84,0,34046,Jordan Spieth,30.43%,21,69
2023,85,0,34098,Russell Henley,30.36%,17,56
2023,86,0,47347,Adam Schenk,30.30%,30,99
2023,87,0,28089,Jason Day,30.16%,19,63
2023,87,0,31323,Gary Woodland,30.16%,19,63
2023,89,0,46442,Maverick McNealy,30.12%,25,83
2023,90,0,54591,Ben Griffin,30.00%,30,100
2023,90,0,33410,Andrew Landry,30.00%,21,70
2023,90,0,40162,Justin Lower,30.00%,27,90
2023,90,0,37275,Sam Ryder,30.00%,33,110
2023,94,0,54421,Garrick Higgo,29.90%,29,97
2023,95,0,34563,Chesson Hadley,29.89%,26,87
2023,96,0,57362,Austin Eckroat,29.85%,20,67
2023,97,0,22056,Cameron Percy,29.73%,11,37
2023,98,0,37338,Zecheng Dou,29.55%,26,88
2023,98,0,46046,Scottie Scheffler,29.55%,13,44
2023,100,0,35617,Martin Trainer,29.51%,18,61
2023,101,0,48887,Matt Wallace,29.47%,28,95
2023,102,0,29970,Dylan Frittelli,29.35%,27,92
2023,102,0,27214,Kevin Streelman,29.35%,27,92
2023,104,0,49453,Trevor Cone,29.23%,19,65
2023,104,0,48081,Xander Schauffele,29.23%,19,65
2023,106,0,27129,Luke List,29.11%,23,79
2023,107,0,36801,Mark Hubbard,29.07%,25,86
2023,107,0,51950,Max McGreevy,29.07%,25,86
2023,109,0,34431,Robert Streb,29.03%,18,62
2023,110,0,35879,Kelly Kraft,28.95%,22,76
2023,111,0,33399,Adam Hadwin,28.89%,26,90
2023,112,0,26596,Ryan Moore,28.85%,15,52
2023,113,0,39335,Kevin Roy,28.81%,17,59
2023,114,0,35532,Tom Hoge,28.57%,26,91
2023,114,0,23320,Ryan Palmer,28.57%,20,70
2023,114,0,40250,Taylor Pendrith,28.57%,28,98
2023,117,0,33653,Thomas Detry,28.42%,27,95
2023,118,0,51349,Nico Echavarria,28.36%,19,67
2023,119,0,48117,Kurt Kitayama,28.24%,24,85
2023,120,0,58696,Peter Kuest,28.21%,11,39
2023,120,0,29289,S.Y. Noh,28.21%,22,78
2023,122,0,46441,Robby Shelton,28.16%,29,103
2023,123,0,23108,Matt Kuchar,28.09%,25,89
2023,124,0,36326,David Lipsky,28.00%,21,75
2023,125,0,32791,K.H. Lee,27.78%,25,90
2023,126,0,31557,Jim Herman,27.71%,23,83
2023,127,0,47983,Chad Ramey,27.55%,27,98
2023,128,0,22405,Justin Rose,27.54%,19,69
2023,129,0,19803,Ryan Armour,27.42%,17,62
2023,129,0,46414,Aaron Rai,27.42%,17,62
2023,131,0,29221,Webb Simpson,27.27%,18,66
2023,132,0,45522,Christiaan Bezuidenhout,27.17%,25,92
2023,133,0,32640,Troy Merritt,27.14%,19,70
2023,134,0,39971,Sungjae Im,27.03%,20,74
2023,135,0,47079,Harrison Endycott,26.87%,18,67
2023,136,0,32662,Michael Gligic,26.79%,15,56
2023,137,0,51634,Sahith Theegala,26.67%,32,120
2023,137,0,52513,Carson Young,26.67%,16,60
2023,139,0,45609,Tyler Duncan,26.47%,18,68
2023,140,0,25818,Scott Piercy,26.32%,20,76
2023,141,0,34076,Joel Dahmen,26.25%,21,80
2023,141,0,49298,Kramer Hickok,26.25%,21,80
2023,141,0,33597,Harry Higgs,26.25%,21,80
2023,144,0,48699,Callum Tarren,26.21%,27,103
2023,144,0,27095,Nick Watney,26.21%,27,103
2023,146,0,30163,Henrik Norlander,26.15%,17,65
2023,147,0,25493,Nick Taylor,26.14%,23,88
2023,147,0,47128,Richy Werenski,26.14%,23,88
2023,149,0,50525,Collin Morikawa,25.93%,14,54
2023,150,0,27936,Martin Laird,25.84%,23,89
2023,151,0,53165,Doc Redman,25.81%,16,62
2023,152,0,28775,Nate Lashley,25.58%,22,86
2023,153,0,46340,Alex Smalley,25.49%,26,102
2023,154,0,32448,James Hahn,25.42%,15,59
2023,155,0,28420,Ryan Brehm,25.27%,23,91
2023,156,0,59018,Ryan Gerard,25.00%,15,60
2023,156,0,34363,Tyrrell Hatton,25.00%,16,64
2023,156,0,52453,Nicolai Hojgaard,25.00%,14,56
2023,156,0,28237,Rory McIlroy,25.00%,15,60
2023,156,0,30692,Scott Stallings,25.00%,21,84
2023,161,0,47988,Nick Hardy,24.74%,24,97
2023,162,0,39058,Lucas Herbert,24.64%,17,69
2023,163,0,31577,Tano Goya,24.56%,14,57
2023,164,0,33408,Tyson Alexander,24.47%,23,94
2023,165,0,31202,William McGirt,23.81%,10,42
2023,166,0,50095,Austin Smotherman,23.66%,22,93
2023,167,0,56630,Akshay Bhatia,23.64%,13,55
2023,167,0,24024,Zach Johnson,23.64%,13,55
2023,169,0,51070,Vincent Norrman,23.61%,17,72
2023,170,0,25686,Jason Dufner,23.38%,18,77
2023,171,0,49766,Hank Lebioda,23.08%,12,52
2023,172,0,51414,Brent Grant,22.95%,14,61
2023,173,0,48084,Wesley Bryan,22.86%,8,35
2023,174,0,35901,Paul Haley II,22.22%,18,81
2023,174,0,27974,Sung Kang,22.22%,8,36
2023,176,0,32333,Kevin Tway,22.09%,19,86
2023,177,0,55454,Carl Yuan,21.92%,16,73
2023,178,0,57366,Cameron Young,21.79%,17,78
2023,179,0,46717,Viktor Hovland,21.62%,16,74
2023,179,0,36871,Matt NeSmith,21.62%,16,74
2023,181,0,56762,Will Gordon,20.88%,19,91
2023,182,0,55708,Hayden Buckley,20.45%,9,44
2023,183,0,33141,Keegan Bradley,19.77%,17,86
2023,184,0,27554,Scott Harrington,19.67%,12,61
2023,185,0,48867,Matti Schmid,19.23%,10,52
2023,186,0,35310,Lanto Griffin,19.15%,9,47
2023,187,0,32366,Kevin Chappell,18.92%,7,37
2023,188,0,51491,Brandon Matthews,18.37%,9,49
2023,189,0,46601,Trey Mullinax,18.18%,14,77
2023,190,0,49960,Sepp Straka,17.78%,16,90
2023,191,0,52372,Cameron Champ,16.07%,9,56
2023,192,0,40006,Erik van Rooyen,11.86%,7,59
2023,193,0,24140,Sean O'Hair,11.11%,3,27
2022,1,0,45522,Christiaan Bezuidenhout,53.19,25,47
2022,2,0,23325,Vaughn Taylor,52.63,20,38
2022,3,0,24138,Ian Poulter,45.24,19,42
2022,4,0,36689,Brooks Koepka,43.14,22,51
2022,5,0,33448,Justin Thomas,42.86,24,56
2022,6,0,29725,Tony Finau,42.62,26,61
2022,7,0,40098,Matt Fitzpatrick,42.5,17,40
2022,8,0,34076,Joel Dahmen,42.37,25,59
2022,9,0,32839,Hideki Matsuyama,42.22,19,45
2022,10,0,45540,Jared Wolfe,41.82,23,55
2022,11,0,23108,Matt Kuchar,40.63,26,64
2022,12,0,32816,Satoshi Kodaira,40.54,15,37
2022,13,0,24502,Adam Scott,40.3,27,67
2022,14,0,39546,Keith Mitchell,40.28,29,72
2022,15,0,49771,J.T. Poston,40.0,32,80
2022,16,0,24925,Jonathan Byrd,39.66,23,58
2022,17,0,32640,Troy Merritt,39.19,29,74
2022,18,0,31323,Gary Woodland,38.71,24,62
2022,19,0,51950,Max McGreevy,38.67,29,75
2022,20,0,27644,Brian Harman,38.27,31,81
2022,21,0,57366,Cameron Young,38.24,26,68
2022,22,0,35450,Patrick Cantlay,37.78,17,45
2022,23,0,32448,James Hahn,37.7,23,61
2022,24,0,37455,Si Woo Kim,37.68,26,69
2022,25,0,35532,Tom Hoge,37.29,22,59
2022,26,0,10381,Curtis Thompson,37.25,19,51
2022,27,0,34256,Andrew Putnam,37.04,30,81
2022,28,0,32333,Kevin Tway,36.96,34,92
2022,29,0,54783,Dylan Wu,36.84,21,57
2022,30,0,30926,Chris Kirk,36.67,22,60
2022,31,0,25198,Francesco Molinari,36.51,23,63
2022,32,0,23621,Rory Sabbatini,36.23,25,69
2022,32,0,49964,Aaron Wise,36.23,25,69
2022,34,0,33399,Adam Hadwin,36.08,35,97
2022,35,0,35449,Adam Long,35.9,28,78
2022,36,0,29420,Billy Horschel,35.59,21,59
2022,37,0,22056,Cameron Percy,35.48,11,31
2022,38,0,30911,Tommy Fleetwood,35.42,17,48
2022,39,0,39977,Max Homa,35.09,20,57
2022,40,0,30927,Brendon Todd,34.78,24,69
2022,41,0,34431,Robert Streb,34.62,27,78
2022,42,0,46402,Talor Gooch,34.55,19,55
2022,43,0,51634,Sahith Theegala,34.41,32,93
2022,44,0,28252,Seamus Power,34.33,23,67
2022,45,0,45526,Abraham Ancer,34.29,12,35
2022,46,0,28237,Rory McIlroy,33.93,19,56
2022,46,0,35891,Cameron Smith,33.93,19,56
2022,48,0,46435,Austin Cook,33.87,21,62
2022,49,0,32150,Michael Thompson,33.75,27,80
2022,50,0,24924,Bill Haas,33.68,32,95
2022,51,0,34174,John Huh,33.33,23,69
2022,51,0,46414,Aaron Rai,33.33,22,66
2022,51,0,35617,Martin Trainer,33.33,32,96
2022,54,0,35506,Mackenzie Hughes,32.97,30,91
2022,55,0,30692,Scott Stallings,32.94,28,85
2022,56,0,36699,Patrick Rodgers,32.93,27,82
2022,57,0,29908,C.T. Pan,32.88,24,73
2022,58,0,23983,Luke Donald,32.86,23,70
2022,59,0,39971,Sungjae Im,32.73,18,55
2022,60,0,47993,Denny McCarthy,32.71,35,107
2022,61,0,51894,Vince Whaley,32.56,28,86
2022,62,0,51997,Andrew Novak,32.31,21,65
2022,63,0,49960,Sepp Straka,32.26,30,93
2022,64,0,46046,Scottie Scheffler,32.2,19,59
2022,65,0,47504,Sam Burns,32.14,27,84
2022,66,0,31646,Emiliano Grillo,32.08,17,53
2022,66,0,29221,Webb Simpson,32.08,17,53
2022,68,0,36852,Jim Knous,31.82,14,44
2022,69,0,37275,Sam Ryder,31.46,28,89
2022,70,0,26851,Marc Leishman,31.43,22,70
2022,71,0,46442,Maverick McNealy,31.25,25,80
2022,72,0,53165,Doc Redman,31.15,19,61
2022,73,0,45486,Joaquin Niemann,31.03,18,58
2022,74,0,36799,Stephan Jaeger,31.0,31,100
2022,75,0,26300,Matt Jones,30.95,13,42
2022,76,0,27936,Martin Laird,30.91,17,55
2022,77,0,32757,Patton Kizzire,30.68,27,88
2022,78,0,29535,Brice Garnett,30.51,18,59
2022,79,0,28775,Nate Lashley,30.43,14,46
2022,79,0,29926,Danny Lee,30.43,14,46
2022,81,0,19803,Ryan Armour,30.3,10,33
2022,82,0,26476,Chez Reavie,30.26,23,76
2022,83,0,39324,J.J. Spaun,30.14,22,73
2022,84,0,52375,Doug Ghim,29.82,17,57
2022,85,0,27349,Alex Noren,29.79,14,47
2022,86,0,47347,Adam Schenk,29.76,25,84
2022,87,0,29478,Kevin Kisner,29.69,19,64
2022,88,0,49298,Kramer Hickok,29.67,27,91
2022,89,0,34098,Russell Henley,29.63,16,54
2022,89,0,34466,Peter Malnati,29.63,32,108
2022,91,0,31557,Jim Herman,29.55,13,44
2022,92,0,28089,Jason Day,29.51,18,61
2022,93,0,47983,Chad Ramey,29.33,22,75
2022,94,0,27649,Brandt Snedeker,29.31,17,58
2022,95,0,46717,Viktor Hovland,29.17,14,48
2022,95,0,35879,Kelly Kraft,29.17,14,48
2022,95,0,27064,Jhonattan Vegas,29.17,14,48
2022,98,0,34046,Jordan Spieth,29.09,16,55
2022,99,0,34563,Chesson Hadley,29.03,27,93
2022,100,0,12716,Charley Hoffman,28.77,21,73
2022,101,0,35461,Beau Hossler,28.74,25,87
2022,102,0,36884,Ben Kohles,28.57,16,56
2022,102,0,33204,Shane Lowry,28.57,12,42
2022,102,0,47529,Mito Pereira,28.57,20,70
2022,102,0,24361,Pat Perez,28.57,18,63
2022,102,0,48699,Callum Tarren,28.57,18,63
2022,102,0,25493,Nick Taylor,28.57,22,77
2022,108,0,31560,Brian Stuard,28.4,23,81
2022,109,0,33141,Keegan Bradley,28.3,15,53
2022,110,0,54421,Garrick Higgo,28.26,13,46
2022,110,0,46970,Jon Rahm,28.26,13,46
2022,112,0,47995,Davis Riley,28.24,24,85
2022,113,0,27095,Nick Watney,28.09,25,89
2022,114,0,34363,Tyrrell Hatton,27.69,18,65
2022,115,0,36326,David Lipsky,27.63,21,76
2022,116,0,39436,Joshua Creel,27.5,11,40
2022,116,0,49766,Hank Lebioda,27.5,22,80
2022,118,0,25686,Jason Dufner,27.27,15,55
2022,118,0,31420,Anirban Lahiri,27.27,15,55
2022,120,0,32791,K.H. Lee,27.17,25,92
2022,121,0,48084,Wesley Bryan,26.87,18,67
2022,122,0,48081,Xander Schauffele,26.83,11,41
2022,123,0,34360,Patrick Reed,26.76,19,71
2022,124,0,22405,Justin Rose,26.67,12,45
2022,124,0,37189,Harold Varner III,26.67,16,60
2022,126,0,46340,Alex Smalley,26.58,21,79
2022,127,0,48822,Sebastián Muñoz,26.56,17,64
2022,128,0,33597,Harry Higgs,26.51,22,83
2022,129,0,23320,Ryan Palmer,26.19,11,42
2022,130,0,56278,Matthew Wolff,26.09,18,69
2022,131,0,27129,Luke List,26.0,13,50
2022,131,0,32139,Danny Willett,26.0,13,50
2022,133,0,47128,Richy Werenski,25.97,20,77
2022,134,0,27139,David Skinns,25.88,22,85
2022,135,0,52374,Brandon Wu,25.64,10,39
2022,136,0,25900,Lucas Glover,25.61,21,82
2022,137,0,47483,Will Zalatoris,25.49,13,51
2022,138,0,39058,Lucas Herbert,25.42,15,59
2022,138,0,34610,Matthias Schwab,25.42,15,59
2022,140,0,34255,Joseph Bramlett,25.32,20,79
2022,140,0,32102,Rickie Fowler,25.32,20,79
2022,142,0,27974,Sung Kang,25.0,19,76
2022,142,0,40250,Taylor Pendrith,25.0,15,60
2022,142,0,40115,Adam Svensson,25.0,20,80
2022,142,0,40006,Erik van Rooyen,25.0,12,48
2022,146,0,20229,Stewart Cink,24.64,17,69
2022,147,0,30163,Henrik Norlander,24.62,16,65
2022,148,0,47856,Seth Reeves,24.53,13,53
2022,149,0,32662,Michael Gligic,24.44,11,45
2022,149,0,21961,Charles Howell III,24.44,11,45
2022,151,0,33667,Carlos Ortiz,24.29,17,70
2022,152,0,45609,Tyler Duncan,24.07,13,54
2022,153,0,51890,Greyson Sigg,23.88,16,67
2022,154,0,35310,Lanto Griffin,23.81,15,63
2022,155,0,29289,S.Y. Noh,23.6,21,89
2022,156,0,49947,Taylor Moore,23.33,21,90
2022,157,0,40162,Justin Lower,23.29,17,73
2022,158,0,36801,Mark Hubbard,23.26,10,43
2022,159,0,37212,Paul Barjon,23.21,13,56
2022,160,0,45157,Cam Davis,23.17,19,82
2022,161,0,33486,Roger Sloan,22.89,19,83
2022,162,0,55708,Hayden Buckley,22.81,13,57
2022,163,0,24024,Zach Johnson,22.67,17,75
2022,164,0,39997,Corey Conners,22.64,12,53
2022,165,0,52372,Cameron Champ,22.5,9,40
2022,166,0,34264,Hudson Swafford,22.45,11,49
2022,167,0,46601,Trey Mullinax,22.22,16,72
2022,168,0,39953,Chase Seiffert,21.95,9,41
2022,169,0,27770,Camilo Villegas,21.82,12,55
2022,170,0,33490,Bo Hoag,21.74,10,46
2022,171,0,28114,Dawie van der Walt,21.43,12,56
2022,172,0,51766,Wyndham Clark,21.28,20,94
2022,173,0,25818,Scott Piercy,21.21,14,66
2022,174,0,30944,Jason Kokrak,21.15,11,52
2022,175,0,33419,Cameron Tringale,20.83,15,72
2022,176,0,29974,Branden Grace,20.45,9,44
2022,177,0,29518,Brendan Steele,20.41,10,49
2022,178,0,27214,Kevin Streelman,20.29,14,69
2022,179,0,36871,Matthew NeSmith,20.27,15,74
2022,180,0,46550,Brandon Hagy,20.0,16,80
2022,181,0,48117,Kurt Kitayama,19.64,11,56
2022,182,0,24980,Scott Gutschewski,19.51,8,41
2022,183,0,27895,Jonas Blixt,19.23,10,52
2022,183,0,32366,Kevin Chappell,19.23,10,52
2022,185,0,54628,Lee Hodges,19.18,14,73
2022,186,0,29970,Dylan Frittelli,19.15,18,94
2022,187,0,48887,Matt Wallace,18.75,12,64
2022,188,0,33122,Russell Knox,17.24,10,58
2022,189,0,50095,Austin Smotherman,15.52,9,58
2022,190,0,47988,Nick Hardy,15.0,6,40
2022,191,0,50525,Collin Morikawa,12.9,4,31
2022,192,0,35110,Brett Drewitt,12.0,6,50
2022,193,0,30978,Kiradech Aphibarnrat,11.54,3,26
2021,1,0,24924,Bill Haas,47.62,20,42
2021,2,0,29725,Tony Finau,41.89,31,74
2021,3,0,30944,Jason Kokrak,41.77,33,79
2021,4,0,34099,Harris English,41.46,34,82
2021,5,0,46970,Jon Rahm,41.07,23,56
2021,6,0,21961,Charles Howell III,40.74,22,54
2021,7,0,33404,Chris Baker,40.0,10,25
2021,8,0,34255,Joseph Bramlett,39.58,19,48
2021,8,0,33448,Justin Thomas,39.58,38,96
2021,10,0,39997,Corey Conners,39.34,24,61
2021,10,0,28089,Jason Day,39.34,24,61
2021,12,0,35450,Patrick Cantlay,38.78,19,49
2021,13,0,36689,Brooks Koepka,37.21,16,43
2021,14,0,39953,Chase Seiffert,37.1,23,62
2021,15,0,52375,Doug Ghim,36.92,24,65
2021,16,0,32254,Xinjun Zhang,36.84,21,57
2021,17,0,29535,Brice Garnett,36.54,19,52
2021,18,0,39546,Keith Mitchell,36.49,27,74
2021,19,0,25396,Kevin Na,36.46,35,96
2021,20,0,34360,Patrick Reed,36.36,28,77
2021,20,0,34431,Robert Streb,36.36,32,88
2021,22,0,27330,Josh Teater,36.0,9,25
2021,23,0,27644,Brian Harman,35.71,35,98
2021,23,0,32333,Kevin Tway,35.71,20,56
2021,25,0,27349,Alex Noren,35.56,32,90
2021,26,0,45486,Joaquin Niemann,35.42,34,96
2021,27,0,27064,Jhonattan Vegas,35.38,23,65
2021,28,0,26300,Matt Jones,35.34,41,116
2021,29,0,37455,Si Woo Kim,35.06,27,77
2021,30,0,32839,Hideki Matsuyama,35.0,28,80
2021,30,0,27214,Kevin Streelman,35.0,35,100
2021,32,0,34256,Andrew Putnam,34.78,32,92
2021,33,0,35532,Tom Hoge,34.72,25,72
2021,34,0,34174,John Huh,34.69,17,49
2021,35,0,32662,Michael Gligic,34.38,22,64
2021,36,0,27141,J.B. Holmes,34.25,25,73
2021,36,0,46442,Maverick McNealy,34.25,25,73
2021,38,0,24361,Pat Perez,34.18,27,79
2021,39,0,33419,Cameron Tringale,34.15,28,82
2021,40,0,37189,Harold Varner III,34.09,30,88
2021,41,0,40026,Daniel Berger,33.9,20,59
2021,42,0,34098,Russell Henley,33.87,21,62
2021,43,0,34046,Jordan Spieth,33.7,31,92
2021,44,0,32448,James Hahn,33.33,16,48
2021,44,0,47347,Adam Schenk,33.33,21,63
2021,46,0,32640,Troy Merritt,32.94,28,85
2021,47,0,27942,Rob Oppenheim,32.86,23,70
2021,47,0,29908,C.T. Pan,32.86,23,70
2021,49,0,33486,Roger Sloan,32.79,20,61
2021,50,0,27770,Camilo Villegas,32.47,25,77
2021,51,0,35506,Mackenzie Hughes,32.43,36,111
2021,52,0,30911,Tommy Fleetwood,32.39,23,71
2021,53,0,33413,Ben Martin,32.14,9,28
2021,53,0,40006,Erik van Rooyen,32.14,27,84
2021,55,0,19846,Brian Gay,32.04,33,103
2021,56,0,26329,Louis Oosthuizen,31.94,23,72
2021,57,0,48045,Michael Gellerman,31.82,7,22
2021,58,0,29926,Danny Lee,31.75,20,63
2021,59,0,33204,Shane Lowry,31.65,25,79
2021,60,0,35310,Lanto Griffin,31.25,30,96
2021,61,0,36699,Patrick Rodgers,31.18,29,93
2021,62,0,34076,Joel Dahmen,31.15,19,61
2021,63,0,26331,Charl Schwartzel,30.95,26,84
2021,64,0,32139,Danny Willett,30.77,12,39
2021,65,0,47483,Will Zalatoris,30.51,18,59
2021,66,0,29221,Webb Simpson,30.36,17,56
2021,67,0,49964,Aaron Wise,30.3,20,66
2021,68,0,34563,Chesson Hadley,30.26,23,76
2021,69,0,30925,Dustin Johnson,30.14,22,73
2021,69,0,33122,Russell Knox,30.14,22,73
2021,69,0,46046,Scottie Scheffler,30.14,22,73
2021,72,0,47993,Denny McCarthy,29.91,32,107
2021,73,0,28237,Rory McIlroy,29.87,23,77
2021,74,0,24781,Hunter Mahan,29.79,14,47
2021,75,0,32791,K.H. Lee,29.76,25,84
2021,76,0,30927,Brendon Todd,29.73,22,74
2021,77,0,39971,Sungjae Im,29.59,29,98
2021,78,0,27556,Ted Potter Jr.,29.49,23,78
2021,79,0,27974,Sung Kang,29.46,33,112
2021,80,0,34363,Tyrrell Hatton,29.41,15,51
2021,80,0,46717,Viktor Hovland,29.41,20,68
2021,80,0,35230,Nelson Ledesma,29.41,10,34
2021,80,0,27649,Brandt Snedeker,29.41,20,68
2021,80,0,30692,Scott Stallings,29.41,20,68
2021,85,0,29268,Bronson Burgoon,29.27,12,41
2021,86,0,21209,Sergio Garcia,29.17,14,48
2021,87,0,47504,Sam Burns,29.11,23,79
2021,87,0,29420,Billy Horschel,29.11,23,79
2021,89,0,23320,Ryan Palmer,29.03,18,62
2021,90,0,40042,Tyler McCumber,28.99,20,69
2021,90,0,32150,Michael Thompson,28.99,20,69
2021,92,0,22371,Aaron Baddeley,28.95,11,38
2021,93,0,30163,Henrik Norlander,28.85,15,52
2021,94,0,39977,Max Homa,28.81,17,59
2021,95,0,12716,Charley Hoffman,28.77,21,73
2021,96,0,35891,Cameron Smith,28.74,25,87
2021,97,0,32757,Patton Kizzire,28.71,29,101
2021,98,0,24357,K.J. Choi,28.57,16,56
2021,98,0,49766,Hank Lebioda,28.57,12,42
2021,98,0,25818,Scott Piercy,28.57,18,63
2021,98,0,23788,D.J. Trahan,28.57,14,49
2021,102,0,49771,J.T. Poston,28.46,35,123
2021,103,0,23325,Vaughn Taylor,28.33,17,60
2021,103,0,25804,Bubba Watson,28.33,17,60
2021,105,0,25686,Jason Dufner,28.24,24,85
2021,105,0,46441,Robby Shelton,28.24,24,85
2021,107,0,28252,Seamus Power,28.21,11,39
2021,108,0,48822,Sebastián Muñoz,28.13,27,96
2021,108,0,29518,Brendan Steele,28.13,18,64
2021,110,0,23983,Luke Donald,27.91,12,43
2021,110,0,34466,Peter Malnati,27.91,24,86
2021,110,0,34213,Grayson Murray,27.91,12,43
2021,113,0,20396,Lee Westwood,27.87,17,61
2021,114,0,35449,Adam Long,27.71,23,83
2021,115,0,35104,Tom Lewis,27.27,18,66
2021,116,0,33667,Carlos Ortiz,27.17,25,92
2021,117,0,24138,Ian Poulter,27.16,22,81
2021,118,0,31646,Emiliano Grillo,27.12,16,59
2021,119,0,32618,Rhein Gibson,27.08,13,48
2021,119,0,26758,David Hearn,27.08,13,48
2021,121,0,39975,Michael Kim,27.06,23,85
2021,122,0,27554,Scott Harrington,27.03,20,74
2021,123,0,33120,Mark Anderson,26.92,7,26
2021,123,0,25364,Paul Casey,26.92,14,52
2021,123,0,28679,Fabián Gómez,26.92,14,52
2021,126,0,22056,Cameron Percy,26.53,13,49
2021,126,0,39324,J.J. Spaun,26.53,13,49
2021,128,0,28775,Nate Lashley,26.47,18,68
2021,128,0,1810,Phil Mickelson,26.47,18,68
2021,130,0,29970,Dylan Frittelli,26.32,20,76
2021,130,0,26476,Chez Reavie,26.32,15,57
2021,130,0,31560,Brian Stuard,26.32,20,76
2021,133,0,45526,Abraham Ancer,26.23,16,61
2021,133,0,33490,Bo Hoag,26.23,16,61
2021,135,0,32816,Satoshi Kodaira,26.19,11,42
2021,136,0,33948,Byeong Hun An,26.14,23,88
2021,137,0,40098,Matt Fitzpatrick,26.09,12,46
2021,137,0,24140,Sean O'Hair,26.09,12,46
2021,139,0,25632,Jimmy Walker,26.04,25,96
2021,140,0,46402,Talor Gooch,25.93,21,81
2021,140,0,25493,Nick Taylor,25.93,21,81
2021,142,0,30926,Chris Kirk,25.71,18,70
2021,143,0,46435,Austin Cook,25.45,14,55
2021,144,0,48887,Matt Wallace,25.42,15,59
2021,145,0,27936,Martin Laird,25.37,17,67
2021,145,0,53165,Doc Redman,25.37,17,67
2021,147,0,36801,Mark Hubbard,25.27,23,91
2021,148,0,35461,Beau Hossler,25.0,19,76
2021,148,0,27129,Luke List,25.0,18,72
2021,150,0,33399,Adam Hadwin,24.75,25,101
2021,151,0,29479,Scott Brown,24.64,17,69
2021,151,0,36871,Matthew NeSmith,24.64,17,69
2021,153,0,24024,Zach Johnson,24.51,25,102
2021,154,0,47128,Richy Werenski,24.49,24,98
2021,155,0,25900,Lucas Glover,24.44,22,90
2021,156,0,34314,Sebastian Cappelen,24.39,10,41
2021,157,0,29974,Branden Grace,24.36,19,78
2021,158,0,23623,Bo Van Pelt,23.81,15,63
2021,159,0,28420,Ryan Brehm,23.68,9,38
2021,160,0,56762,Will Gordon,23.61,17,72
2021,160,0,48081,Xander Schauffele,23.61,17,72
2021,162,0,50525,Collin Morikawa,23.4,11,47
2021,163,0,46550,Brandon Hagy,23.38,18,77
2021,164,0,19803,Ryan Armour,23.21,13,56
2021,165,0,47959,Bryson DeChambeau,23.19,16,69
2021,165,0,37275,Sam Ryder,23.19,16,69
2021,167,0,32102,Rickie Fowler,22.97,17,74
2021,168,0,27095,Nick Watney,22.92,11,48
2021,169,0,30110,Kyle Stanley,22.81,13,57
2021,169,0,51894,Vince Whaley,22.81,13,57
2021,171,0,26851,Marc Leishman,22.78,18,79
2021,172,0,51766,Wyndham Clark,22.73,20,88
2021,172,0,31420,Anirban Lahiri,22.73,10,44
2021,174,0,33141,Keegan Bradley,22.58,14,62
2021,175,0,20229,Stewart Cink,22.34,21,94
2021,176,0,22405,Justin Rose,22.22,14,63
2021,177,0,31323,Gary Woodland,21.98,20,91
2021,178,0,56278,Matthew Wolff,21.92,16,73
2021,179,0,34264,Hudson Swafford,21.69,18,83
2021,180,0,24502,Adam Scott,21.65,21,97
2021,181,0,23108,Matt Kuchar,21.62,16,74
2021,182,0,45609,Tyler Duncan,21.43,12,56
2021,183,0,35617,Martin Trainer,21.05,16,76
2021,184,0,45157,Cam Davis,20.88,19,91
2021,185,0,26499,Rafa Cabrera Bello,20.83,15,72
2021,186,0,48119,Ben Taylor,20.59,7,34
2021,187,0,49298,Kramer Hickok,20.31,13,64
2021,188,0,31557,Jim Herman,20.0,10,50
2021,189,0,23621,Rory Sabbatini,19.74,15,76
2021,190,0,52372,Cameron Champ,19.7,13,66
2021,191,0,33597,Harry Higgs,19.23,15,78
2021,192,0,35658,Kris Ventura,17.91,12,67
2021,193,0,33410,Andrew Landry,16.67,11,66
2021,194,0,49960,Sepp Straka,14.29,12,84
2021,195,0,29478,Kevin Kisner,14.1,11,78
2021,196,0,32070,Rafael Campos,14.0,7,50
2020,1,0,22405,Justin Rose,46.15,18,39
2020,2,0,27649,Brandt Snedeker,44.9,22,49
2020,3,1,29221,Webb Simpson,43.59,17,39
2020,4,-1,34256,Andrew Putnam,43.14,22,51
2020,5,2,29725,Tony Finau,42.31,22,52
2020,6,-1,33120,Mark Anderson,42.11,16,38
2020,7,11,30925,Dustin Johnson,41.67,15,36
2020,8,-2,39953,Chase Seiffert,41.46,17,41
2020,9,-1,49298,Kramer Hickok,40.48,17,42
2020,10,-1,27556,Ted Potter Jr.,40.0,14,35
2020,11,-1,33667,Carlos Ortiz,39.47,30,76
2020,12,-1,25364,Paul Casey,39.39,13,33
2020,13,-1,25804,Bubba Watson,39.22,20,51
2020,14,4,34360,Patrick Reed,38.98,23,59
2020,15,-2,26499,Rafa Cabrera Bello,38.89,14,36
2020,15,-2,35450,Patrick Cantlay,38.89,14,36
2020,17,-1,29484,Peter Uihlein,38.46,20,52
2020,18,-1,24024,Zach Johnson,38.0,19,50
2020,19,34,48081,Xander Schauffele,37.78,17,45
2020,20,-2,28679,Fabián Gómez,37.5,12,32
2020,20,-2,34098,Russell Henley,37.5,18,48
2020,20,-5,46970,Jon Rahm,37.5,18,48
2020,20,-2,37189,Harold Varner III,37.5,21,56
2020,24,-1,34314,Sebastian Cappelen,37.21,16,43
2020,25,-1,22371,Aaron Baddeley,36.96,17,46
2020,26,-1,33413,Ben Martin,36.84,7,19
2020,26,-1,24502,Adam Scott,36.84,14,38
2020,28,-1,33404,Chris Baker,36.67,11,30
2020,29,-1,32448,James Hahn,36.36,8,22
2020,30,38,35506,Mackenzie Hughes,36.05,31,86
2020,31,0,23621,Rory Sabbatini,35.85,19,53
2020,32,0,27554,Scott Harrington,35.82,24,67
2020,33,0,47993,Denny McCarthy,35.71,30,84
2020,34,0,29970,Dylan Frittelli,35.62,26,73
2020,35,0,26300,Matt Jones,35.29,24,68
2020,36,0,27644,Brian Harman,35.14,26,74
2020,37,40,25396,Kevin Na,34.92,22,63
2020,38,-1,33486,Roger Sloan,34.69,17,49
2020,39,-1,36699,Patrick Rodgers,34.48,30,87
2020,40,0,32662,Michael Gligic,34.21,13,38
2020,41,1,32640,Troy Merritt,33.96,18,53
2020,42,2,21407,Arjun Atwal,33.33,7,21
2020,42,-12,34099,Harris English,33.33,15,45
2020,42,2,26758,David Hearn,33.33,10,30
2020,42,2,37455,Si Woo Kim,33.33,26,78
2020,42,2,23108,Matt Kuchar,33.33,17,51
2020,42,2,39324,J.J. Spaun,33.33,16,48
2020,48,3,34021,Bud Cauley,32.73,18,55
2020,49,-5,30927,Brendon Todd,32.35,22,68
2020,50,5,33597,Harry Higgs,32.31,21,65
2020,51,-8,23320,Ryan Palmer,32.2,19,59
2020,52,-8,46046,Scottie Scheffler,31.82,14,44
2020,53,3,23325,Vaughn Taylor,31.71,13,41
2020,53,3,35617,Martin Trainer,31.71,26,82
2020,55,3,33490,Bo Hoag,31.67,19,60
2020,56,3,33204,Shane Lowry,31.58,12,38
2020,57,3,46441,Robby Shelton,31.48,17,54
2020,58,3,26329,Louis Oosthuizen,31.43,11,35
2020,58,3,51894,Vince Whaley,31.43,11,35
2020,60,3,31560,Brian Stuard,31.37,16,51
2020,61,3,45609,Tyler Duncan,31.34,21,67
2020,61,3,19846,Brian Gay,31.34,21,67
2020,61,3,49771,J.T. Poston,31.34,21,67
2020,64,3,20229,Stewart Cink,31.25,15,48
2020,65,4,29926,Danny Lee,31.03,18,58
2020,66,4,39546,Keith Mitchell,30.99,22,71
2020,67,5,25349,Tim Wilkinson,30.77,8,26
2020,67,5,32139,Danny Willett,30.77,12,39
2020,69,5,35310,Lanto Griffin,30.67,23,75
2020,70,9,29420,Billy Horschel,30.51,18,59
2020,70,-18,35891,Cameron Smith,30.51,18,59
2020,72,3,45157,Cam Davis,30.43,14,46
2020,72,3,10809,Jim Furyk,30.43,7,23
2020,74,3,47504,Sam Burns,30.36,17,56
2020,75,7,32839,Hideki Matsuyama,30.19,16,53
2020,76,4,35461,Beau Hossler,30.16,19,63
2020,76,4,47128,Richy Werenski,30.16,19,63
2020,78,5,30911,Tommy Fleetwood,29.55,13,44
2020,79,5,37275,Sam Ryder,29.31,17,58
2020,80,5,33410,Andrew Landry,29.17,14,48
2020,81,5,26476,Chez Reavie,29.09,16,55
2020,82,57,40026,Daniel Berger,28.89,13,45
2020,82,6,48887,Matt Wallace,28.89,13,45
2020,84,5,32254,Xinjun Zhang,28.81,17,59
2020,85,5,33948,Byeong Hun An,28.57,20,70
2020,85,5,40009,Dominic Bozzelli,28.57,10,35
2020,85,5,32102,Rickie Fowler,28.57,10,35
2020,85,5,21209,Sergio Garcia,28.57,6,21
2020,85,5,32791,K.H. Lee,28.57,18,63
2020,85,26,45486,Joaquin Niemann,28.57,18,63
2020,85,5,27214,Kevin Streelman,28.57,12,42
2020,92,8,39971,Sungjae Im,28.36,19,67
2020,93,11,52372,Cameron Champ,28.3,15,53
2020,94,2,35449,Adam Long,28.13,18,64
2020,95,2,46402,Talor Gooch,28.0,21,75
2020,95,2,33122,Russell Knox,28.0,14,50
2020,97,-26,50525,Collin Morikawa,27.66,13,47
2020,98,3,12716,Charley Hoffman,27.59,16,58
2020,98,3,30692,Scott Stallings,27.59,16,58
2020,100,3,34563,Chesson Hadley,27.5,11,40
2020,101,4,19803,Ryan Armour,27.27,12,44
2020,101,4,40058,Zac Blair,27.27,18,66
2020,101,4,28089,Jason Day,27.27,12,44
2020,101,4,46442,Maverick McNealy,27.27,18,66
2020,101,4,36871,Matthew NeSmith,27.27,12,44
2020,101,4,30163,Henrik Norlander,27.27,9,33
2020,107,4,29518,Brendan Steele,27.12,16,59
2020,108,5,28775,Nate Lashley,27.08,13,48
2020,109,5,34076,Joel Dahmen,26.98,17,63
2020,110,5,22056,Cameron Percy,26.92,7,26
2020,111,5,33141,Keegan Bradley,26.79,15,56
2020,111,5,39997,Corey Conners,26.79,15,56
2020,113,5,51766,Wyndham Clark,26.76,19,71
2020,114,-28,45526,Abraham Ancer,26.67,16,60
2020,114,5,32333,Kevin Tway,26.67,12,45
2020,116,5,36801,Mark Hubbard,26.56,17,64
2020,117,5,32618,Rhein Gibson,26.53,13,49
2020,117,5,33419,Cameron Tringale,26.53,13,49
2020,119,5,47347,Adam Schenk,26.47,9,34
2020,120,5,34466,Peter Malnati,26.42,14,53
2020,120,5,49960,Sepp Straka,26.42,14,53
2020,122,5,46435,Austin Cook,26.32,15,57
2020,122,5,56762,Will Gordon,26.32,5,19
2020,122,5,27936,Martin Laird,26.32,5,19
2020,125,10,48822,Sebastián Muñoz,26.19,22,84
2020,126,5,31557,Jim Herman,26.09,12,46
2020,127,6,27349,Alex Noren,25.93,14,54
2020,128,6,35532,Tom Hoge,25.86,15,58
2020,129,-2,28237,Rory McIlroy,25.58,11,43
2020,130,6,1810,Phil Mickelson,25.53,12,47
2020,131,6,39977,Max Homa,25.42,15,59
2020,131,6,33448,Justin Thomas,25.42,15,59
2020,133,6,28420,Ryan Brehm,25.0,9,36
2020,133,6,25900,Lucas Glover,25.0,8,32
2020,133,6,21961,Charles Howell III,25.0,14,56
2020,133,6,27963,Chris Stroud,25.0,10,40
2020,133,6,27095,Nick Watney,25.0,11,44
2020,138,7,31323,Gary Woodland,24.62,16,65
2020,139,-20,47959,Bryson DeChambeau,24.49,12,49
2020,139,7,29908,C.T. Pan,24.49,12,49
2020,141,6,40098,Matt Fitzpatrick,24.44,11,45
2020,141,6,25572,Graeme McDowell,24.44,11,45
2020,143,6,49766,Hank Lebioda,24.39,10,41
2020,144,7,34213,Grayson Murray,24.32,9,37
2020,145,7,34431,Robert Streb,24.24,8,33
2020,146,7,46550,Brandon Hagy,24.0,12,50
2020,147,7,25818,Scott Piercy,23.91,11,46
2020,148,7,27129,Luke List,23.64,13,55
2020,149,7,32366,Kevin Chappell,23.53,8,34
2020,149,15,34363,Tyrrell Hatton,23.53,8,34
2020,151,6,36689,Brooks Koepka,23.4,11,47
2020,152,6,32150,Michael Thompson,23.26,10,43
2020,153,6,52375,Doug Ghim,23.08,6,26
2020,154,6,25686,Jason Dufner,22.81,13,57
2020,155,6,27942,Rob Oppenheim,22.64,12,53
2020,156,6,29479,Scott Brown,22.5,9,40
2020,157,6,27974,Sung Kang,22.41,13,58
2020,158,6,23788,D.J. Trahan,22.22,8,36
2020,158,6,49964,Aaron Wise,22.22,6,27
2020,160,10,46717,Viktor Hovland,22.0,11,50
2020,161,7,29268,Bronson Burgoon,21.62,8,37
2020,162,7,32757,Patton Kizzire,21.43,15,70
2020,163,8,48119,Ben Taylor,21.21,7,33
2020,164,13,29478,Kevin Kisner,21.15,11,52
2020,165,7,34046,Jordan Spieth,20.63,13,63
2020,166,7,25632,Jimmy Walker,20.59,14,68
2020,167,7,40042,Tyler McCumber,20.45,9,44
2020,168,7,53165,Doc Redman,20.37,11,54
2020,169,7,56278,Matthew Wolff,20.34,12,59
2020,170,7,31646,Emiliano Grillo,20.0,8,40
2020,170,7,30944,Jason Kokrak,20.0,8,40
2020,170,7,24361,Pat Perez,20.0,6,30
2020,170,7,25493,Nick Taylor,20.0,12,60
2020,170,7,35658,Kris Ventura,20.0,6,30
2020,175,8,29974,Branden Grace,19.35,6,31
2020,176,8,24138,Ian Poulter,19.23,10,52
2020,176,8,28252,Seamus Power,19.23,5,26
2020,178,20,26851,Marc Leishman,18.97,11,58
2020,179,7,30110,Kyle Stanley,18.92,7,37
2020,180,7,31420,Anirban Lahiri,18.52,5,27
2020,180,7,33449,Zack Sucher,18.52,5,27
2020,182,7,24924,Bill Haas,18.18,6,33
2020,183,7,26596,Ryan Moore,17.86,5,28
2020,184,7,23623,Bo Van Pelt,17.39,8,46
2020,184,7,27064,Jhonattan Vegas,17.39,4,23
2020,186,7,28307,Matt Every,16.98,9,53
2020,187,7,34255,Joseph Bramlett,16.67,7,42
2020,187,7,35732,Wes Roach,16.67,3,18
2020,189,7,29535,Brice Garnett,16.22,6,37
2020,190,7,48045,Michael Gellerman,16.13,5,31
2020,191,8,33399,Adam Hadwin,14.29,8,56
2020,192,8,35230,Nelson Ledesma,13.79,4,29
2020,192,8,27330,Josh Teater,13.79,4,29
2019,1,0,35450,Patrick Cantlay,44.62,29,65
2019,2,0,26300,Matt Jones,42.62,26,61
2019,3,0,26596,Ryan Moore,41.67,20,48
2019,4,0,26851,Marc Leishman,40.91,27,66
2019,4,0,35732,Wes Roach,40.91,18,44
2019,6,0,36699,Patrick Rodgers,40.38,21,52
2019,7,0,27936,Martin Laird,40.24,33,82
2019,8,0,22405,Justin Rose,39.73,29,73
2019,9,0,25396,Kevin Na,39.68,25,63
2019,10,0,6522,Ernie Els,39.47,15,38
2019,11,0,31560,Brian Stuard,39.02,32,82
2019,12,0,34431,Robert Streb,38.98,23,59
2019,13,0,21961,Charles Howell III,38.82,33,85
2019,14,0,20572,Rod Pampling,38.71,24,62
2019,15,0,29221,Webb Simpson,38.6,22,57
2019,16,0,35376,Roberto Díaz,38.0,19,50
2019,17,0,30911,Tommy Fleetwood,37.5,21,56
2019,18,0,23108,Matt Kuchar,37.29,22,59
2019,19,0,47959,Bryson DeChambeau,37.04,20,54
2019,20,0,27214,Kevin Streelman,36.84,21,57
2019,21,0,48081,Xander Schauffele,36.54,19,52
2019,22,0,26329,Louis Oosthuizen,36.36,20,55
2019,23,0,26758,David Hearn,35.9,14,39
2019,23,0,45486,Joaquin Niemann,35.9,28,78
2019,25,0,24361,Pat Perez,35.85,19,53
2019,26,0,29420,Billy Horschel,35.82,24,67
2019,26,0,29908,C.T. Pan,35.82,24,67
2019,28,0,34021,Bud Cauley,35.71,25,70
2019,28,0,33448,Justin Thomas,35.71,20,56
2019,30,0,30946,Alex Prugh,35.56,16,45
2019,31,0,30978,Kiradech Aphibarnrat,35.38,23,65
2019,32,0,27974,Sung Kang,35.29,24,68
2019,33,0,39327,Ben Silverman,35.19,19,54
2019,34,0,46523,Joey Garber,34.88,15,43
2019,35,0,28237,Rory McIlroy,34.78,16,46
2019,36,0,25900,Lucas Glover,34.72,25,72
2019,37,0,47993,Denny McCarthy,34.57,28,81
2019,38,0,29725,Tony Finau,34.48,20,58
2019,38,0,40115,Adam Svensson,34.48,10,29
2019,40,0,35891,Cameron Smith,34.38,22,64
2019,41,0,33399,Adam Hadwin,34.29,24,70
2019,42,0,32333,Kevin Tway,34.18,27,79
2019,43,0,19803,Ryan Armour,33.77,26,77
2019,43,0,34360,Patrick Reed,33.77,26,77
2019,45,0,33122,Russell Knox,33.33,16,48
2019,45,0,24138,Ian Poulter,33.33,17,51
2019,45,0,33418,Shawn Stefani,33.33,21,63
2019,48,0,27895,Jonas Blixt,32.86,23,70
2019,49,0,29970,Dylan Frittelli,32.81,21,64
2019,50,0,29484,Peter Uihlein,32.79,20,61
2019,51,0,26476,Chez Reavie,32.73,18,55
2019,52,0,10809,Jim Furyk,32.69,17,52
2019,53,0,24024,Zach Johnson,32.65,16,49
2019,54,0,28775,Nate Lashley,32.61,15,46
2019,54,0,27064,Jhonattan Vegas,32.61,15,46
2019,56,0,32058,José de Jesús Rodríguez,32.56,14,43
2019,57,0,30925,Dustin Johnson,32.2,19,59
2019,57,0,25198,Francesco Molinari,32.2,19,59
2019,57,0,48822,Sebastián Muñoz,32.2,19,59
2019,60,0,36689,Brooks Koepka,32.14,18,56
2019,61,0,49766,Hank Lebioda,32.08,17,53
2019,62,0,36799,Stephan Jaeger,31.82,21,66
2019,63,0,30191,Julián Etulain,31.67,19,60
2019,64,0,39971,Sungjae Im,31.52,29,92
2019,65,0,45157,Cam Davis,31.48,17,54
2019,66,0,34563,Chesson Hadley,31.43,22,70
2019,67,0,29518,Brendan Steele,31.15,19,61
2019,68,0,29479,Scott Brown,31.03,18,58
2019,69,0,34306,John Chin,30.95,13,42
2019,70,0,46435,Austin Cook,30.91,17,55
2019,71,0,30944,Jason Kokrak,30.88,21,68
2019,72,0,24502,Adam Scott,30.77,16,52
2019,73,0,37189,Harold Varner III,30.67,23,75
2019,74,0,21731,Freddie Jacobson,30.65,19,62
2019,75,0,49303,Anders Albertson,30.51,18,59
2019,76,0,28252,Seamus Power,30.38,24,79
2019,77,0,32757,Patton Kizzire,30.3,20,66
2019,78,0,29223,Sam Saunders,30.26,23,76
2019,79,0,24925,Jonathan Byrd,30.0,12,40
2019,79,0,46601,Trey Mullinax,30.0,21,70
2019,81,0,37380,Curtis Luck,29.82,17,57
2019,82,0,33141,Keegan Bradley,29.69,19,64
2019,83,0,47990,Kyle Jones,29.63,16,54
2019,83,0,32839,Hideki Matsuyama,29.63,16,54
2019,85,0,34256,Andrew Putnam,29.49,23,78
2019,86,0,47347,Adam Schenk,29.47,28,95
2019,87,0,40026,Daniel Berger,29.41,15,51
2019,88,0,33948,Byeong Hun An,29.31,17,58
2019,88,0,22371,Aaron Baddeley,29.31,17,58
2019,88,0,32102,Rickie Fowler,29.31,17,58
2019,88,0,29478,Kevin Kisner,29.31,17,58
2019,92,0,49771,J.T. Poston,29.27,24,82
2019,93,0,32150,Michael Thompson,29.23,19,65
2019,94,0,51766,Wyndham Clark,29.17,28,96
2019,95,0,24924,Bill Haas,29.03,18,62
2019,95,0,32640,Troy Merritt,29.03,18,62
2019,97,0,19846,Brian Gay,28.74,25,87
2019,98,0,40009,Dominic Bozzelli,28.57,18,63
2019,98,0,21209,Sergio Garcia,28.57,10,35
2019,98,0,37275,Sam Ryder,28.57,16,56
2019,101,0,35506,Mackenzie Hughes,28.38,21,74
2019,102,0,29535,Brice Garnett,28.3,15,53
2019,103,0,27963,Chris Stroud,28.13,18,64
2019,104,0,49298,Kramer Hickok,28.07,16,57
2019,104,0,25818,Scott Piercy,28.07,16,57
2019,106,0,29974,Branden Grace,28.0,14,50
2019,107,0,39546,Keith Mitchell,27.78,20,72
2019,108,0,23621,Rory Sabbatini,27.69,18,65
2019,109,0,24781,Hunter Mahan,27.59,16,58
2019,109,0,49964,Aaron Wise,27.59,16,58
2019,111,0,37455,Si Woo Kim,27.54,19,69
2019,112,0,27330,Josh Teater,27.45,14,51
2019,112,0,25804,Bubba Watson,27.45,14,51
2019,114,0,33486,Roger Sloan,27.27,21,77
2019,114,0,47128,Richy Werenski,27.27,21,77
2019,116,0,23325,Vaughn Taylor,27.14,19,70
2019,117,0,35617,Martin Trainer,27.06,23,85
2019,118,0,25364,Paul Casey,27.03,10,37
2019,118,0,20472,Alex Cejka,27.03,10,37
2019,120,0,45526,Abraham Ancer,26.92,14,52
2019,120,0,32816,Satoshi Kodaira,26.92,14,52
2019,122,0,27556,Ted Potter Jr.,26.87,18,67
2019,123,0,47504,Sam Burns,26.74,23,86
2019,123,0,34046,Jordan Spieth,26.74,23,86
2019,125,0,37340,Chase Wright,26.67,16,60
2019,126,0,35532,Tom Hoge,26.58,21,79
2019,127,0,21528,Henrik Stenson,26.19,11,42
2019,128,0,12716,Charley Hoffman,25.93,14,54
2019,129,0,32791,K.H. Lee,25.86,15,58
2019,129,0,31323,Gary Woodland,25.86,15,58
2019,131,0,40098,Matt Fitzpatrick,25.81,8,31
2019,132,0,25493,Nick Taylor,25.68,19,74
2019,133,0,27649,Brandt Snedeker,25.64,20,78
2019,134,0,46402,Talor Gooch,25.53,12,47
2019,135,0,34261,Scott Langley,25.37,17,67
2019,136,0,31420,Anirban Lahiri,25.35,18,71
2019,137,0,28259,Sangmoon Bae,25.0,9,36
2019,137,0,32200,Roberto Castro,25.0,16,64
2019,137,0,33410,Andrew Landry,25.0,15,60
2019,137,0,47856,Seth Reeves,25.0,14,56
2019,137,0,49960,Sepp Straka,25.0,13,52
2019,142,0,46970,Jon Rahm,24.56,14,57
2019,143,0,34098,Russell Henley,24.49,12,49
2019,144,0,23353,J.J. Henry,24.39,10,41
2019,145,0,25572,Graeme McDowell,24.19,15,62
2019,146,0,27958,Ryan Blaum,24.05,19,79
2019,147,0,33667,Carlos Ortiz,23.94,17,71
2019,148,0,30786,Brady Schnell,23.91,11,46
2019,149,0,29268,Bronson Burgoon,23.88,16,67
2019,150,0,39324,J.J. Spaun,23.81,15,63
2019,151,0,26951,Johnson Wagner,23.68,9,38
2019,152,0,36852,Jim Knous,23.4,11,47
2019,153,0,32139,Danny Willett,23.21,13,56
2019,154,0,28089,Jason Day,23.08,12,52
2019,155,0,39977,Max Homa,22.86,16,70
2019,156,0,25632,Jimmy Walker,22.81,13,57
2019,157,0,34466,Peter Malnati,22.73,20,88
2019,158,0,34264,Hudson Swafford,22.64,12,53
2019,159,0,35449,Adam Long,22.58,14,62
2019,160,0,26499,Rafa Cabrera Bello,22.22,8,36
2019,161,0,25686,Jason Dufner,22.0,11,50
2019,161,0,35461,Beau Hossler,22.0,22,100
2019,163,0,29926,Danny Lee,21.92,16,73
2019,164,0,34099,Harris English,21.62,16,74
2019,165,0,35879,Kelly Kraft,21.33,16,75
2019,166,0,30692,Scott Stallings,21.31,13,61
2019,167,0,35421,Brandon Harkins,21.18,18,85
2019,167,0,39975,Michael Kim,21.18,18,85
2019,169,0,37454,Whee Kim,20.97,13,62
2019,170,0,28679,Fabián Gómez,20.83,10,48
2019,171,0,30110,Kyle Stanley,20.75,11,53
2019,172,0,46501,Ollie Schniederjans,20.51,16,78
2019,173,0,1810,Phil Mickelson,20.34,12,59
2019,174,0,34076,Joel Dahmen,20.0,13,65
2019,175,0,23320,Ryan Palmer,19.64,11,56
2019,176,0,39997,Corey Conners,19.61,10,51
2019,177,0,27141,J.B. Holmes,19.15,9,47
2019,178,0,27644,Brian Harman,19.12,13,68
2019,179,0,52372,Cameron Champ,18.64,11,59
2019,180,0,31646,Emiliano Grillo,18.6,8,43
2019,181,0,34363,Tyrrell Hatton,18.37,9,49
2019,182,0,45609,Tyler Duncan,18.33,11,60
2019,183,0,27095,Nick Watney,18.31,13,71
2019,184,0,31557,Jim Herman,17.95,7,39
2019,185,0,27129,Luke List,17.46,11,63
2019,186,0,33419,Cameron Tringale,17.24,10,58
2019,187,0,39954,Cody Gribble,16.67,13,78
2019,188,0,27349,Alex Noren,15.38,8,52
2018,1,0,10809,Jim Furyk,46.55,27,58
2018,2,0,25686,Jason Dufner,45.71,32,70
2018,3,0,23541,Ben Crane,45.65,21,46
2018,4,0,35891,Cameron Smith,42.5,34,80
2018,5,0,19803,Ryan Armour,42.17,35,83
2018,6,0,25493,Nick Taylor,41.67,30,72
2018,7,0,24024,Zach Johnson,41.18,35,85
2018,8,0,40026,Daniel Berger,40.54,30,74
2018,9,0,23108,Matt Kuchar,39.71,27,68
2018,10,0,47993,Denny McCarthy,38.89,21,54
2018,10,0,39327,Ben Silverman,38.89,28,72
2018,12,0,26476,Chez Reavie,38.78,19,49
2018,13,0,25396,Kevin Na,37.93,33,87
2018,14,0,27349,Alex Noren,37.7,23,61
2018,15,0,40058,Zac Blair,37.25,19,51
2018,15,0,30925,Dustin Johnson,37.25,19,51
2018,17,0,28089,Jason Day,37.04,20,54
2018,18,0,29926,Danny Lee,36.99,27,73
2018,19,0,30692,Scott Stallings,36.36,32,88
2018,20,0,29221,Webb Simpson,36.26,33,91
2018,21,0,31202,William McGirt,36.0,27,75
2018,22,0,24781,Hunter Mahan,35.71,15,42
2018,22,0,26951,Johnson Wagner,35.71,15,42
2018,24,0,35879,Kelly Kraft,35.44,28,79
2018,25,0,46501,Ollie Schniederjans,35.29,36,102
2018,26,0,23621,Rory Sabbatini,35.21,25,71
2018,27,0,36689,Brooks Koepka,35.19,19,54
2018,27,0,28252,Seamus Power,35.19,19,54
2018,29,0,26758,David Hearn,35.0,14,40
2018,30,0,1810,Phil Mickelson,34.52,29,84
2018,31,0,31323,Gary Woodland,34.43,21,61
2018,32,0,48084,Wesley Bryan,34.33,23,67
2018,32,0,34358,Jonathan Randolph,34.33,23,67
2018,34,0,25632,Jimmy Walker,34.29,36,105
2018,35,0,24502,Adam Scott,33.93,19,56
2018,36,0,29478,Kevin Kisner,33.82,23,68
2018,37,0,33948,Byeong Hun An,33.75,27,80
2018,37,0,29461,Jamie Lovemark,33.75,27,80
2018,39,0,36699,Patrick Rodgers,33.68,32,95
2018,40,0,34076,Joel Dahmen,33.33,18,54
2018,40,0,24924,Bill Haas,33.33,29,87
2018,40,0,28775,Nate Lashley,33.33,11,33
2018,40,0,34256,Andrew Putnam,33.33,22,66
2018,40,0,49964,Aaron Wise,33.33,25,75
2018,40,0,8793,Tiger Woods,33.33,20,60
2018,46,0,34431,Robert Streb,32.97,30,91
2018,47,0,32839,Hideki Matsuyama,32.73,18,55
2018,48,0,25892,Steve Wheatcroft,32.65,16,49
2018,49,0,27649,Brandt Snedeker,32.56,28,86
2018,50,0,21961,Charles Howell III,32.47,25,77
2018,51,0,46435,Austin Cook,32.22,29,90
2018,52,0,35461,Beau Hossler,32.11,35,109
2018,53,0,26300,Matt Jones,31.91,15,47
2018,54,0,39546,Keith Mitchell,31.88,22,69
2018,55,0,24138,Ian Poulter,31.82,14,44
2018,56,0,28679,Fabián Gómez,31.67,19,60
2018,57,0,25198,Francesco Molinari,31.58,18,57
2018,58,0,25804,Bubba Watson,31.51,23,73
2018,59,0,47287,Ethan Tracy,31.48,17,54
2018,60,0,26596,Ryan Moore,31.43,11,35
2018,61,0,28500,Martin Flores,31.33,26,83
2018,62,0,22056,Cameron Percy,31.25,10,32
2018,63,0,29484,Peter Uihlein,31.17,24,77
2018,64,0,35310,Lanto Griffin,31.15,19,61
2018,65,0,27064,Jhonattan Vegas,31.03,18,58
2018,66,0,34174,John Huh,30.95,26,84
2018,67,0,19846,Brian Gay,30.93,30,97
2018,68,0,20157,Retief Goosen,30.91,17,55
2018,69,0,34360,Patrick Reed,30.88,21,68
2018,70,0,31560,Brian Stuard,30.85,29,94
2018,71,0,34363,Tyrrell Hatton,30.77,12,39
2018,72,0,32366,Kevin Chappell,30.65,19,62
2018,73,0,32757,Patton Kizzire,30.63,34,111
2018,74,0,29420,Billy Horschel,30.51,18,59
2018,74,0,26331,Charl Schwartzel,30.51,18,59
2018,76,0,37278,Nicholas Lindheim,30.43,28,92
2018,76,0,26329,Louis Oosthuizen,30.43,14,46
2018,78,0,39997,Corey Conners,30.14,22,73
2018,79,0,37455,Si Woo Kim,30.12,25,83
2018,80,0,29535,Brice Garnett,29.79,28,94
2018,81,0,27141,J.B. Holmes,29.63,16,54
2018,82,0,31646,Emiliano Grillo,29.58,21,71
2018,82,0,31420,Anirban Lahiri,29.58,21,71
2018,84,0,34563,Chesson Hadley,29.41,30,102
2018,84,0,20572,Rod Pampling,29.41,15,51
2018,86,0,25364,Paul Casey,29.31,17,58
2018,86,0,32102,Rickie Fowler,29.31,17,58
2018,88,0,25900,Lucas Glover,29.27,12,41
2018,89,0,20229,Stewart Cink,28.92,24,83
2018,90,0,25572,Graeme McDowell,28.89,13,45
2018,91,0,34466,Peter Malnati,28.71,29,101
2018,92,0,27942,Rob Oppenheim,28.57,16,56
2018,92,0,27214,Kevin Streelman,28.57,14,49
2018,92,0,33419,Cameron Tringale,28.57,26,91
2018,95,0,20593,Greg Chalmers,28.38,21,74
2018,96,0,27129,Luke List,28.36,19,67
2018,97,0,33399,Adam Hadwin,28.33,17,60
2018,98,0,26499,Rafa Cabrera Bello,28.26,13,46
2018,99,0,27095,Nick Watney,28.21,22,78
2018,100,0,32254,Xinjun Zhang,28.07,16,57
2018,101,0,35506,Mackenzie Hughes,27.85,22,79
2018,102,0,35532,Tom Hoge,27.78,20,72
2018,102,0,32816,Satoshi Kodaira,27.78,15,54
2018,102,0,25818,Scott Piercy,27.78,15,54
2018,105,0,23320,Ryan Palmer,27.69,18,65
2018,106,0,20472,Alex Cejka,27.59,16,58
2018,106,0,34046,Jordan Spieth,27.59,16,58
2018,106,0,21528,Henrik Stenson,27.59,8,29
2018,109,0,29479,Scott Brown,27.45,28,102
2018,109,0,24361,Pat Perez,27.45,14,51
2018,111,0,27895,Jonas Blixt,27.42,17,62
2018,112,0,33448,Justin Thomas,27.4,20,73
2018,113,0,33122,Russell Knox,27.14,19,70
2018,113,0,27963,Chris Stroud,27.14,19,70
2018,115,0,32448,James Hahn,27.12,16,59
2018,116,0,40009,Dominic Bozzelli,27.03,20,74
2018,117,0,47959,Bryson DeChambeau,26.92,14,52
2018,118,0,30926,Chris Kirk,26.74,23,86
2018,119,0,28132,Tyrone Van Aswegen,26.73,27,101
2018,120,0,29974,Branden Grace,26.53,13,49
2018,120,0,46970,Jon Rahm,26.53,13,49
2018,122,0,12510,Chad Campbell,26.47,18,68
2018,122,0,37275,Sam Ryder,26.47,18,68
2018,124,0,35376,Roberto Díaz,26.23,16,61
2018,124,0,29908,C.T. Pan,26.23,16,61
2018,126,0,32333,Kevin Tway,26.21,27,103
2018,127,0,39328,Conrad Shindler,26.19,11,42
2018,128,0,39324,J.J. Spaun,26.15,17,65
2018,129,0,47125,Matt Atkins,26.09,12,46
2018,129,0,24358,Robert Garrigus,26.09,18,69
2018,131,0,46601,Trey Mullinax,26.03,19,73
2018,132,0,33413,Ben Martin,25.86,15,58
2018,133,0,37454,Whee Kim,25.77,25,97
2018,134,0,22405,Justin Rose,25.64,10,39
2018,135,0,32876,Martin Piller,25.58,22,86
2018,135,0,22582,Kyle Thompson,25.58,11,43
2018,137,0,24846,Ricky Barnes,25.42,15,59
2018,138,0,48081,Xander Schauffele,25.3,21,83
2018,139,0,30978,Kiradech Aphibarnrat,25.0,9,36
2018,139,0,26851,Marc Leishman,25.0,19,76
2018,139,0,27556,Ted Potter Jr.,25.0,21,84
2018,139,0,29518,Brendan Steele,25.0,15,60
2018,139,0,33418,Shawn Stefani,25.0,12,48
2018,144,0,22371,Aaron Baddeley,24.69,20,81
2018,145,0,27958,Ryan Blaum,24.64,17,69
2018,146,0,27644,Brian Harman,24.62,16,65
2018,147,0,34409,David Lingmerth,24.59,15,61
2018,148,0,36799,Stephan Jaeger,24.56,14,57
2018,149,0,35545,Blayne Barber,24.53,13,53
2018,150,0,49771,J.T. Poston,24.49,12,49
2018,151,0,28307,Matt Every,24.29,17,70
2018,151,0,34213,Grayson Murray,24.29,17,70
2018,153,0,33204,Shane Lowry,24.07,13,54
2018,154,0,34021,Bud Cauley,24.0,12,50
2018,155,0,32150,Michael Thompson,23.88,16,67
2018,156,0,50526,Tom Lovelady,23.61,17,72
2018,157,0,29485,Brett Stegmaier,23.53,12,51
2018,158,0,31416,Derek Fathauer,23.47,23,98
2018,159,0,33141,Keegan Bradley,23.38,18,77
2018,159,0,25240,D.A. Points,23.38,18,77
2018,161,0,46402,Talor Gooch,23.08,15,65
2018,162,0,37338,Zecheng Dou,22.92,11,48
2018,163,0,29222,Billy Hurley III,22.78,18,79
2018,164,0,23325,Vaughn Taylor,22.73,15,66
2018,165,0,30110,Kyle Stanley,22.41,13,58
2018,166,0,34099,Harris English,22.35,19,85
2018,166,0,39975,Michael Kim,22.35,19,85
2018,168,0,39954,Cody Gribble,22.22,14,63
2018,168,0,24140,Sean O'Hair,22.22,12,54
2018,168,0,35544,Andrew Yun,22.22,10,45
2018,171,0,30944,Jason Kokrak,22.06,15,68
2018,172,0,32640,Troy Merritt,22.03,13,59
2018,173,0,25834,Daniel Summerhays,21.82,12,55
2018,174,0,35421,Brandon Harkins,21.7,23,106
2018,175,0,33410,Andrew Landry,21.62,16,74
2018,176,0,28237,Rory McIlroy,21.28,10,47
2018,177,0,24925,Jonathan Byrd,21.05,12,57
2018,177,0,35450,Patrick Cantlay,21.05,12,57
2018,179,0,34098,Russell Henley,20.63,13,63
2018,180,0,30911,Tommy Fleetwood,20.41,10,49
2018,181,0,45526,Abraham Ancer,20.34,12,59
2018,182,0,29725,Tony Finau,20.0,15,75
2018,182,0,27936,Martin Laird,20.0,14,70
2018,182,0,47347,Adam Schenk,20.0,15,75
2018,185,0,29223,Sam Saunders,19.3,11,57
2018,186,0,37189,Harold Varner III,18.92,14,74
2018,187,0,47128,Richy Werenski,18.75,15,80
2018,188,0,23353,J.J. Henry,18.18,10,55
2018,188,0,34264,Hudson Swafford,18.18,8,44
2018,190,0,12716,Charley Hoffman,17.91,12,67
2018,191,0,27974,Sung Kang,17.24,15,87
2018,192,0,45609,Tyler Duncan,17.07,14,82
2018,193,0,29268,Bronson Burgoon,14.29,7,49
2017,1,0,26329,Louis Oosthuizen,42.59,23,54
2017,2,0,32448,James Hahn,41.1,30,73
2017,3,0,24361,Pat Perez,39.76,33,83
2017,4,0,33448,Justin Thomas,39.73,29,73
2017,5,0,46443,Brian Campbell,39.58,19,48
2017,6,0,29974,Branden Grace,39.22,20,51
2017,7,0,27770,Camilo Villegas,39.08,34,87
2017,8,0,37189,Harold Varner III,38.54,37,96
2017,9,0,29221,Webb Simpson,38.46,25,65
2017,10,0,12510,Chad Campbell,37.84,28,74
2017,11,0,28679,Fabián Gómez,37.74,20,53
2017,12,0,40058,Zac Blair,37.7,23,61
2017,13,0,25191,Gonzalo Fernandez-Castaño,37.5,24,64
2017,14,0,27649,Brandt Snedeker,36.67,22,60
2017,15,0,23325,Vaughn Taylor,36.59,30,82
2017,16,0,25892,Steve Wheatcroft,36.54,19,52
2017,17,0,32200,Roberto Castro,36.36,24,66
2017,17,0,32102,Rickie Fowler,36.36,24,66
2017,17,0,31560,Brian Stuard,36.36,28,77
2017,20,0,20771,Steven Alker,35.85,19,53
2017,21,0,25396,Kevin Na,35.71,25,70
2017,22,0,27644,Brian Harman,35.64,36,101
2017,23,0,27936,Martin Laird,35.44,28,79
2017,24,0,29478,Kevin Kisner,35.37,29,82
2017,25,0,29518,Brendan Steele,35.14,26,74
2017,26,0,48084,Wesley Bryan,35.04,41,117
2017,27,0,24357,K.J. Choi,34.78,24,69
2017,28,0,23108,Matt Kuchar,34.72,25,72
2017,29,0,24024,Zach Johnson,34.12,29,85
2017,30,0,25364,Paul Casey,33.9,20,59
2017,30,0,24138,Ian Poulter,33.9,20,59
2017,30,0,23621,Rory Sabbatini,33.9,20,59
2017,33,0,23541,Ben Crane,33.8,24,71
2017,34,0,20472,Alex Cejka,33.33,25,75
2017,34,0,10809,Jim Furyk,33.33,15,45
2017,34,0,29420,Billy Horschel,33.33,31,93
2017,34,0,22056,Cameron Percy,33.33,22,66
2017,34,0,34360,Patrick Reed,33.33,30,90
2017,39,0,20229,Stewart Cink,32.94,28,85
2017,40,0,30191,Julián Etulain,32.84,22,67
2017,41,0,29461,Jamie Lovemark,32.67,33,101
2017,42,0,23320,Ryan Palmer,32.56,14,43
2017,43,0,27214,Kevin Streelman,32.53,27,83
2017,43,0,25493,Nick Taylor,32.53,27,83
2017,45,0,27141,J.B. Holmes,32.5,26,80
2017,46,0,35450,Patrick Cantlay,32.35,11,34
2017,47,0,25349,Tim Wilkinson,32.08,17,53
2017,48,0,27466,Spencer Levin,31.94,23,72
2017,49,0,26476,Chez Reavie,31.75,20,63
2017,50,0,33461,Morgan Hoffmann,31.63,31,98
2017,51,0,21209,Sergio Garcia,31.58,12,38
2017,51,0,29908,C.T. Pan,31.58,24,76
2017,53,0,25720,Chad Collins,31.51,23,73
2017,54,0,34431,Robert Streb,31.3,36,115
2017,55,0,31646,Emiliano Grillo,31.25,20,64
2017,55,0,28237,Rory McIlroy,31.25,10,32
2017,57,0,33399,Adam Hadwin,30.95,26,84
2017,58,0,24846,Ricky Barnes,30.93,30,97
2017,58,0,21961,Charles Howell III,30.93,30,97
2017,60,0,25198,Francesco Molinari,30.61,15,49
2017,61,0,20572,Rod Pampling,30.59,26,85
2017,62,0,22371,Aaron Baddeley,30.49,25,82
2017,63,0,22046,Geoff Ogilvy,30.43,21,69
2017,64,0,29740,Brad Fritsch,30.19,16,53
2017,64,0,32839,Hideki Matsuyama,30.19,16,53
2017,64,0,26596,Ryan Moore,30.19,16,53
2017,67,0,31323,Gary Woodland,30.16,19,63
2017,68,0,27095,Nick Watney,30.14,22,73
2017,69,0,32757,Patton Kizzire,30.09,34,113
2017,70,0,27436,Graham DeLaet,29.85,20,67
2017,71,0,35545,Blayne Barber,29.76,25,84
2017,72,0,40026,Daniel Berger,29.63,24,81
2017,72,0,24507,Jason Bohn,29.63,24,81
2017,74,0,33413,Ben Martin,29.58,21,71
2017,75,0,27958,Ryan Blaum,29.55,26,88
2017,75,0,20593,Greg Chalmers,29.55,26,88
2017,75,0,24502,Adam Scott,29.55,13,44
2017,78,0,35506,Mackenzie Hughes,29.41,35,119
2017,79,0,12716,Charley Hoffman,29.35,27,92
2017,79,0,33419,Cameron Tringale,29.35,27,92
2017,81,0,34098,Russell Henley,29.27,24,82
2017,81,0,26851,Marc Leishman,29.27,24,82
2017,83,0,25686,Jason Dufner,29.17,21,72
2017,83,0,23353,J.J. Henry,29.17,21,72
2017,83,0,48822,Sebastián Muñoz,29.17,14,48
2017,86,0,36689,Brooks Koepka,29.07,25,86
2017,87,0,48081,Xander Schauffele,28.99,20,69
2017,88,0,34466,Peter Malnati,28.74,25,87
2017,89,0,29725,Tony Finau,28.57,20,70
2017,89,0,24924,Bill Haas,28.57,18,63
2017,89,0,46550,Brandon Hagy,28.57,20,70
2017,89,0,33204,Shane Lowry,28.57,10,35
2017,89,0,34046,Jordan Spieth,28.57,18,63
2017,89,0,30110,Kyle Stanley,28.57,18,63
2017,89,0,27064,Jhonattan Vegas,28.57,18,63
2017,96,0,23983,Luke Donald,28.38,21,74
2017,97,0,26300,Matt Jones,28.36,19,67
2017,98,0,25572,Graeme McDowell,28.3,15,53
2017,99,0,47959,Bryson DeChambeau,28.21,22,78
2017,99,0,22986,Søren Kjeldsen,28.21,11,39
2017,101,0,40009,Dominic Bozzelli,28.17,20,71
2017,101,0,31420,Anirban Lahiri,28.17,20,71
2017,103,0,26499,Rafa Cabrera Bello,28.13,18,64
2017,103,0,29476,Kyle Reifers,28.13,27,96
2017,105,0,23497,Tag Ridings,28.07,16,57
2017,106,0,20157,Retief Goosen,28.0,14,50
2017,107,0,39954,Cody Gribble,27.66,26,94
2017,108,0,19846,Brian Gay,27.5,22,80
2017,109,0,20104,Ken Duke,27.45,14,51
2017,110,0,32366,Kevin Chappell,27.27,24,88
2017,110,0,25345,Carl Pettersson,27.27,27,99
2017,110,0,28252,Seamus Power,27.27,24,88
2017,110,0,39324,J.J. Spaun,27.27,18,66
2017,114,0,28500,Martin Flores,27.14,19,70
2017,115,0,29223,Sam Saunders,27.12,16,59
2017,116,0,24140,Sean O'Hair,27.03,20,74
2017,116,0,49771,J.T. Poston,27.03,20,74
2017,116,0,30692,Scott Stallings,27.03,20,74
2017,116,0,33418,Shawn Stefani,27.03,20,74
2017,120,0,26331,Charl Schwartzel,26.98,17,63
2017,121,0,27974,Sung Kang,26.97,24,89
2017,121,0,35879,Kelly Kraft,26.97,24,89
2017,123,0,23800,Bryce Molder,26.85,29,108
2017,124,0,34174,John Huh,26.67,20,75
2017,125,0,28307,Matt Every,26.53,26,98
2017,126,0,33120,Mark Anderson,26.42,14,53
2017,127,0,25804,Bubba Watson,26.32,15,57
2017,128,0,32640,Troy Merritt,25.93,21,81
2017,129,0,27129,Luke List,25.88,22,85
2017,130,0,30926,Chris Kirk,25.84,23,89
2017,131,0,31202,William McGirt,25.81,16,62
2017,132,0,47128,Richy Werenski,25.49,13,51
2017,133,0,26758,David Hearn,25.32,20,79
2017,134,0,1810,Phil Mickelson,25.3,21,83
2017,135,0,19803,Ryan Armour,25.0,10,40
2017,135,0,33141,Keegan Bradley,25.0,20,80
2017,135,0,28089,Jason Day,25.0,17,68
2017,135,0,34099,Harris English,25.0,22,88
2017,135,0,46970,Jon Rahm,25.0,12,48
2017,135,0,36699,Patrick Rodgers,25.0,20,80
2017,135,0,29485,Brett Stegmaier,25.0,21,84
2017,142,0,32333,Kevin Tway,24.72,22,89
2017,143,0,37455,Si Woo Kim,24.71,21,85
2017,144,0,26951,Johnson Wagner,24.62,16,65
2017,145,0,28093,Miguel Angel Carballo,24.53,13,53
2017,145,0,33122,Russell Knox,24.53,13,53
2017,145,0,22405,Justin Rose,24.53,13,53
2017,148,0,25834,Daniel Summerhays,24.49,24,98
2017,149,0,29479,Scott Brown,24.42,21,86
2017,150,0,37454,Whee Kim,24.18,22,91
2017,151,0,25240,D.A. Points,24.14,14,58
2017,152,0,29289,S.Y. Noh,24.11,27,112
2017,153,0,25900,Lucas Glover,24.05,19,79
2017,154,0,29222,Billy Hurley III,23.96,23,96
2017,155,0,24781,Hunter Mahan,23.88,16,67
2017,156,0,27895,Jonas Blixt,23.75,19,80
2017,157,0,35300,Andrew Loupe,23.68,18,76
2017,158,0,25632,Jimmy Walker,23.53,16,68
2017,159,0,30925,Dustin Johnson,23.4,11,47
2017,160,0,35532,Tom Hoge,23.26,10,43
2017,161,0,31416,Derek Fathauer,23.23,23,99
2017,162,0,34409,David Lingmerth,23.08,18,78
2017,163,0,25274,Steven Bowditch,23.01,26,113
2017,164,0,24358,Robert Garrigus,22.95,14,61
2017,165,0,6522,Ernie Els,22.92,11,48
2017,166,0,29720,Andres Gonzales,22.86,16,70
2017,166,0,30852,Ryo Ishikawa,22.86,16,70
2017,168,0,27963,Chris Stroud,22.73,10,44
2017,169,0,34021,Bud Cauley,22.67,17,75
2017,170,0,33948,Byeong Hun An,22.37,17,76
2017,171,0,35110,Brett Drewitt,22.22,10,45
2017,171,0,39975,Michael Kim,22.22,22,99
2017,173,0,28420,Ryan Brehm,21.95,18,82
2017,174,0,46501,Ollie Schniederjans,21.84,19,87
2017,175,0,34358,Jonathan Randolph,21.82,12,55
2017,176,0,35891,Cameron Smith,21.79,17,78
2017,177,0,29926,Danny Lee,21.05,16,76
2017,177,0,28132,Tyrone Van Aswegen,21.05,20,95
2017,179,0,32150,Michael Thompson,20.97,13,62
2017,180,0,46440,Smylie Kaufman,20.27,15,74
2017,181,0,36801,Mark Hubbard,20.0,13,65
2017,181,0,26289,Boo Weekley,20.0,10,50
2017,183,0,25818,Scott Piercy,19.61,10,51
2017,184,0,30944,Jason Kokrak,18.18,14,77
2017,184,0,34264,Hudson Swafford,18.18,14,77
2017,186,0,46601,Trey Mullinax,17.95,14,78
2017,187,0,46732,Rick Lamb,17.65,6,34
2017,188,0,37278,Nicholas Lindheim,16.67,10,60
2017,188,0,34213,Grayson Murray,16.67,18,108
2017,190,0,31557,Jim Herman,16.36,9,55
2016,1,0,27649,Brandt Snedeker,47.56,39,82
2016,2,0,27974,Sung Kang,41.38,24,58
2016,3,0,33418,Shawn Stefani,41.03,32,78
2016,4,0,31202,William McGirt,39.71,27,68
2016,5,0,28089,Jason Day,39.34,24,61
2016,6,0,34046,Jordan Spieth,39.06,25,64
2016,7,0,6522,Ernie Els,37.66,29,77
2016,8,0,29725,Tony Finau,37.5,33,88
2016,9,0,28237,Rory McIlroy,37.04,10,27
2016,10,0,29485,Brett Stegmaier,36.84,28,76
2016,10,0,31560,Brian Stuard,36.84,21,57
2016,12,0,20645,John Senden,36.71,29,79
2016,13,0,20098,Stuart Appleby,36.62,26,71
2016,14,0,25349,Tim Wilkinson,36.21,21,58
2016,15,0,26596,Ryan Moore,36.11,26,72
2016,15,0,20572,Rod Pampling,36.11,13,36
2016,17,0,35532,Tom Hoge,35.9,28,78
2016,18,0,26331,Charl Schwartzel,35.85,19,53
2016,18,0,6527,Steve Stricker,35.85,19,53
2016,20,0,23541,Ben Crane,35.71,25,70
2016,21,0,2206,David Toms,35.59,21,59
2016,22,0,30711,Colt Knost,35.53,27,76
2016,23,0,35879,Kelly Kraft,35.42,17,48
2016,24,0,26851,Marc Leishman,35.38,23,65
2016,25,0,28475,Jeff Overton,35.14,26,74
2016,26,0,28132,Tyrone Van Aswegen,34.88,45,129
2016,27,0,24461,Thomas Aiken,34.38,11,32
2016,27,0,31420,Anirban Lahiri,34.38,22,64
2016,29,0,34431,Robert Streb,34.29,24,70
2016,30,0,22371,Aaron Baddeley,34.26,37,108
2016,31,0,33413,Ben Martin,34.25,25,73
2016,32,0,8075,Jerry Kelly,34.0,17,50
2016,33,0,34262,Jon Curran,33.96,36,106
2016,34,0,20472,Alex Cejka,33.93,19,56
2016,35,0,6567,Vijay Singh,33.78,25,74
2016,36,0,12510,Chad Campbell,33.33,28,84
2016,36,0,29974,Branden Grace,33.33,13,39
2016,36,0,20766,Padraig Harrington,33.33,19,57
2016,36,0,32839,Hideki Matsuyama,33.33,14,42
2016,36,0,32640,Troy Merritt,33.33,26,78
2016,36,0,22405,Justin Rose,33.33,14,42
2016,36,0,29221,Webb Simpson,33.33,13,39
2016,43,0,30163,Henrik Norlander,32.76,19,58
2016,44,0,30926,Chris Kirk,32.73,18,55
2016,45,0,22046,Geoff Ogilvy,32.65,16,49
2016,46,0,25364,Paul Casey,32.61,15,46
2016,47,0,23108,Matt Kuchar,32.26,20,62
2016,48,0,29222,Billy Hurley III,32.2,19,59
2016,49,0,25720,Chad Collins,32.18,28,87
2016,50,0,20104,Ken Duke,32.14,18,56
2016,51,0,32757,Patton Kizzire,32.08,34,106
2016,52,0,29745,Tyler Aldridge,32.05,25,78
2016,53,0,1810,Phil Mickelson,31.94,23,72
2016,54,0,35539,Luke Guthrie,31.88,22,69
2016,54,0,37454,Whee Kim,31.88,22,69
2016,56,0,25572,Graeme McDowell,31.71,13,41
2016,56,0,26329,Louis Oosthuizen,31.71,13,41
2016,56,0,25892,Steve Wheatcroft,31.71,26,82
2016,59,0,32200,Roberto Castro,31.65,25,79
2016,60,0,25632,Jimmy Walker,31.46,28,89
2016,61,0,30927,Brendon Todd,31.37,32,102
2016,62,0,25818,Scott Piercy,31.25,20,64
2016,62,0,26476,Chez Reavie,31.25,20,64
2016,64,0,25396,Kevin Na,31.15,19,61
2016,65,0,36689,Brooks Koepka,30.91,17,55
2016,66,0,29461,Jamie Lovemark,30.53,29,95
2016,67,0,20229,Stewart Cink,30.51,18,59
2016,68,0,34261,Scott Langley,30.43,14,46
2016,69,0,29420,Billy Horschel,30.36,17,56
2016,70,0,37455,Si Woo Kim,30.33,37,122
2016,71,0,40026,Daniel Berger,30.3,20,66
2016,72,0,34409,David Lingmerth,30.19,16,53
2016,72,0,24502,Adam Scott,30.19,16,53
2016,74,0,25240,D.A. Points,30.0,15,50
2016,75,0,39975,Michael Kim,29.9,29,97
2016,76,0,31323,Gary Woodland,29.87,23,77
2016,77,0,35891,Cameron Smith,29.82,17,57
2016,78,0,24358,Robert Garrigus,29.79,14,47
2016,79,0,35300,Andrew Loupe,29.66,35,118
2016,80,0,21209,Sergio Garcia,29.63,8,27
2016,80,0,34466,Peter Malnati,29.63,32,108
2016,82,0,30925,Dustin Johnson,29.58,21,71
2016,83,0,32150,Michael Thompson,29.51,18,61
2016,84,0,29478,Kevin Kisner,29.49,23,78
2016,85,0,28679,Fabián Gómez,29.47,28,95
2016,86,0,37273,Derek Ernst,29.41,10,34
2016,87,0,31416,Derek Fathauer,29.27,36,123
2016,88,0,27747,Hiroshi Iwata,29.17,21,72
2016,89,0,25900,Lucas Glover,29.09,16,55
2016,90,0,27770,Camilo Villegas,28.97,31,107
2016,91,0,24781,Hunter Mahan,28.92,24,83
2016,92,0,32448,James Hahn,28.77,21,73
2016,93,0,24924,Bill Haas,28.57,18,63
2016,94,0,21961,Charles Howell III,28.42,27,95
2016,95,0,33667,Carlos Ortiz,28.41,25,88
2016,96,0,27942,Rob Oppenheim,28.38,21,74
2016,97,0,27644,Brian Harman,28.3,30,106
2016,97,0,29289,S.Y. Noh,28.3,30,106
2016,99,0,10809,Jim Furyk,28.26,13,46
2016,99,0,26300,Matt Jones,28.26,26,92
2016,101,0,35545,Blayne Barber,28.13,27,96
2016,102,0,23983,Luke Donald,28.07,16,57
2016,103,0,24357,K.J. Choi,28.05,23,82
2016,104,0,34174,John Huh,27.94,19,68
2016,105,0,32618,Rhein Gibson,27.91,12,43
2016,106,0,24024,Zach Johnson,27.84,27,97
2016,107,0,33399,Adam Hadwin,27.66,26,94
2016,108,0,20157,Retief Goosen,27.54,19,69
2016,109,0,26758,David Hearn,27.5,22,80
2016,110,0,31557,Jim Herman,27.42,17,62
2016,111,0,27895,Jonas Blixt,27.38,23,84
2016,112,0,21731,Freddie Jacobson,27.37,26,95
2016,113,0,29479,Scott Brown,27.27,18,66
2016,113,0,29268,Bronson Burgoon,27.27,21,77
2016,113,0,27936,Martin Laird,27.27,24,88
2016,113,0,33419,Cameron Tringale,27.27,27,99
2016,113,0,34265,Will Wilcox,27.27,15,55
2016,118,0,46440,Smylie Kaufman,27.17,25,92
2016,119,0,27963,Chris Stroud,27.14,19,70
2016,120,0,25198,Francesco Molinari,27.12,16,59
2016,121,0,25686,Jason Dufner,26.88,25,93
2016,122,0,27466,Spencer Levin,26.87,18,67
2016,123,0,32102,Rickie Fowler,26.67,16,60
2016,123,0,34360,Patrick Reed,26.67,20,75
2016,123,0,21878,Mark Wilson,26.67,16,60
2016,126,0,40058,Zac Blair,26.47,18,68
2016,126,0,24912,Will MacKenzie,26.47,18,68
2016,128,0,32876,Martin Piller,26.42,14,53
2016,129,0,25834,Daniel Summerhays,26.37,24,91
2016,130,0,45526,Abraham Ancer,26.32,10,38
2016,130,0,36801,Mark Hubbard,26.32,25,95
2016,130,0,27214,Kevin Streelman,26.32,15,57
2016,133,0,33122,Russell Knox,26.23,16,61
2016,134,0,32366,Kevin Chappell,25.93,14,54
2016,135,0,23621,Rory Sabbatini,25.53,12,47
2016,136,0,34099,Harris English,25.49,26,102
2016,137,0,30692,Scott Stallings,25.42,15,59
2016,138,0,23325,Vaughn Taylor,25.32,20,79
2016,139,0,37189,Harold Varner III,25.26,24,95
2016,140,0,31646,Emiliano Grillo,25.0,20,80
2016,140,0,30944,Jason Kokrak,25.0,15,60
2016,140,0,27064,Jhonattan Vegas,25.0,18,72
2016,143,0,33461,Morgan Hoffmann,24.75,25,101
2016,144,0,33448,Justin Thomas,24.74,24,97
2016,145,0,29720,Andres Gonzales,24.69,20,81
2016,146,0,34098,Russell Henley,24.62,16,65
2016,147,0,10213,Dicky Pride,24.44,11,45
2016,148,0,33410,Andrew Landry,24.32,9,37
2016,149,0,29223,Sam Saunders,24.29,17,70
2016,150,0,25493,Nick Taylor,24.0,18,75
2016,151,0,27436,Graham DeLaet,23.73,14,59
2016,151,0,35732,Wes Roach,23.73,14,59
2016,153,0,25804,Bubba Watson,23.4,11,47
2016,154,0,29926,Danny Lee,23.33,14,60
2016,155,0,24490,George McNeill,23.21,13,56
2016,156,0,23800,Bryce Molder,23.19,16,69
2016,156,0,26951,Johnson Wagner,23.19,16,69
2016,158,0,24494,Erik Compton,23.17,19,82
2016,159,0,23638,Brendon de Jonge,23.08,18,78
2016,160,0,24846,Ricky Barnes,22.64,24,106
2016,161,0,24140,Sean O'Hair,22.62,19,84
2016,162,0,27141,J.B. Holmes,22.47,20,89
2016,163,0,12716,Charley Hoffman,22.41,13,58
2016,164,0,33141,Keegan Bradley,21.88,14,64
2016,164,0,23320,Ryan Palmer,21.88,14,64
2016,166,0,22892,Jason Gore,21.43,12,56
2016,166,0,28092,D.H. Lee,21.43,12,56
2016,166,0,33204,Shane Lowry,21.43,9,42
2016,169,0,27129,Luke List,20.97,13,62
2016,170,0,34563,Chesson Hadley,20.93,18,86
2016,171,0,10885,Robert Allenby,20.37,11,54
2016,172,0,20848,Ángel Cabrera,20.29,14,69
2016,173,0,28158,Steve Marino,20.27,15,74
2016,174,0,29476,Kyle Reifers,20.0,18,90
2016,174,0,29518,Brendan Steele,20.0,14,70
2016,174,0,26289,Boo Weekley,20.0,11,55
2016,177,0,34264,Hudson Swafford,19.8,20,101
2016,178,0,35451,Scott Pinckney,19.72,14,71
2016,179,0,24507,Jason Bohn,19.61,10,51
2016,180,0,28114,Dawie van der Walt,19.35,12,62
2016,181,0,36699,Patrick Rodgers,18.99,15,79
2016,182,0,23353,J.J. Henry,18.92,14,74
2016,183,0,30110,Kyle Stanley,18.75,15,80
2016,184,0,20691,Greg Owen,18.52,15,81
2016,185,0,25274,Steven Bowditch,17.46,22,126
2015,1,0,21528,Henrik Stenson,48.48,16,33
2015,2,0,25834,Daniel Summerhays,42.86,33,77
2015,3,0,8075,Jerry Kelly,42.31,22,52
2015,4,0,25396,Kevin Na,40.74,33,81
2015,5,0,25274,Steven Bowditch,40.54,45,111
2015,6,0,27770,Camilo Villegas,40.0,36,90
2015,7,0,40058,Zac Blair,39.18,38,97
2015,8,0,36689,Brooks Koepka,38.89,28,72
2015,9,0,26758,David Hearn,38.83,40,103
2015,10,0,34046,Jordan Spieth,38.81,26,67
2015,11,0,30736,Oscar Fraustro,38.46,15,39
2015,12,0,35545,Blayne Barber,38.1,24,63
2015,13,0,30927,Brendon Todd,37.97,30,79
2015,14,0,34174,John Huh,37.89,36,95
2015,15,0,25632,Jimmy Walker,37.04,30,81
2015,16,0,25804,Bubba Watson,36.92,24,65
2015,17,0,35451,Scott Pinckney,36.84,35,95
2015,18,0,33461,Morgan Hoffmann,36.46,35,96
2015,19,0,35532,Tom Hoge,35.71,25,70
2015,19,0,34130,Sung Joon Park,35.71,25,70
2015,21,0,23983,Luke Donald,35.53,27,76
2015,22,0,24781,Hunter Mahan,35.29,30,85
2015,23,0,25198,Francesco Molinari,35.14,13,37
2015,24,0,21878,Mark Wilson,34.88,30,86
2015,25,0,25686,Jason Dufner,34.78,16,46
2015,26,0,10860,Justin Leonard,34.72,25,72
2015,27,0,24925,Jonathan Byrd,34.69,17,49
2015,27,0,20645,John Senden,34.69,17,49
2015,29,0,24357,K.J. Choi,34.67,26,75
2015,30,0,10809,Jim Furyk,34.62,18,52
2015,31,0,25720,Chad Collins,34.33,23,67
2015,31,0,24024,Zach Johnson,34.33,23,67
2015,31,0,31202,William McGirt,34.33,23,67
2015,31,0,25240,D.A. Points,34.33,23,67
2015,35,0,20104,Ken Duke,34.21,26,76
2015,36,0,28307,Matt Every,33.98,35,103
2015,37,0,21753,Brian Davis,33.8,24,71
2015,38,0,27895,Jonas Blixt,33.78,25,74
2015,39,0,27064,Jhonattan Vegas,33.73,28,83
2015,40,0,23541,Ben Crane,33.33,23,69
2015,40,0,28089,Jason Day,33.33,17,51
2015,40,0,24138,Ian Poulter,33.33,17,51
2015,40,0,29221,Webb Simpson,33.33,20,60
2015,40,0,6567,Vijay Singh,33.33,18,54
2015,45,0,29478,Kevin Kisner,32.98,31,94
2015,46,0,12510,Chad Campbell,32.94,28,85
2015,47,0,25349,Tim Wilkinson,32.81,21,64
2015,48,0,28259,Sangmoon Bae,32.71,35,107
2015,49,0,22293,Heath Slocum,32.56,14,43
2015,50,0,34360,Patrick Reed,32.29,31,96
2015,51,0,29289,S.Y. Noh,32.18,28,87
2015,52,0,12716,Charley Hoffman,32.05,25,78
2015,53,0,22371,Aaron Baddeley,31.96,31,97
2015,54,0,22405,Justin Rose,31.91,15,47
2015,55,0,27644,Brian Harman,31.87,29,91
2015,56,0,21961,Charles Howell III,31.86,36,113
2015,57,0,40026,Daniel Berger,31.82,28,88
2015,58,0,28486,Michael Putnam,31.67,19,60
2015,59,0,23638,Brendon de Jonge,31.33,26,83
2015,60,0,34098,Russell Henley,31.25,25,80
2015,60,0,27936,Martin Laird,31.25,30,96
2015,60,0,26596,Ryan Moore,31.25,20,64
2015,63,0,35541,John Peterson,31.15,19,61
2015,64,0,34358,Jonathan Randolph,31.03,18,58
2015,65,0,25818,Scott Piercy,30.85,29,94
2015,66,0,1706,Davis Love III,30.77,12,39
2015,67,0,34409,David Lingmerth,30.65,19,62
2015,67,0,26289,Boo Weekley,30.65,19,62
2015,69,0,33419,Cameron Tringale,30.61,30,98
2015,70,0,24361,Pat Perez,30.56,22,72
2015,71,0,29476,Kyle Reifers,30.53,29,95
2015,72,0,25364,Paul Casey,30.43,21,69
2015,72,0,20593,Greg Chalmers,30.43,14,46
2015,72,0,28679,Fabián Gómez,30.43,28,92
2015,75,0,37273,Derek Ernst,30.19,16,53
2015,76,0,26300,Matt Jones,30.16,19,63
2015,77,0,32640,Troy Merritt,30.0,30,100
2015,78,0,24924,Bill Haas,29.85,20,67
2015,79,0,23108,Matt Kuchar,29.55,26,88
2015,80,0,34099,Harris English,29.52,31,105
2015,81,0,30944,Jason Kokrak,29.49,23,78
2015,82,0,20848,Ángel Cabrera,29.41,15,51
2015,82,0,36699,Patrick Rodgers,29.41,15,51
2015,84,0,28500,Martin Flores,29.33,22,75
2015,85,0,2206,David Toms,29.17,14,48
2015,86,0,36801,Mark Hubbard,29.09,16,55
2015,87,0,25191,Gonzalo Fernandez-Castaño,28.99,20,69
2015,87,0,31557,Jim Herman,28.99,20,69
2015,89,0,21209,Sergio Garcia,28.95,11,38
2015,90,0,29926,Danny Lee,28.85,30,104
2015,91,0,26851,Marc Leishman,28.79,19,66
2015,92,0,24507,Jason Bohn,28.77,21,73
2015,93,0,27649,Brandt Snedeker,28.74,25,87
2015,94,0,20229,Stewart Cink,28.57,20,70
2015,95,0,33141,Keegan Bradley,28.38,21,74
2015,96,0,23320,Ryan Palmer,28.36,19,67
2015,97,0,34265,Will Wilcox,28.13,9,32
2015,98,0,31560,Brian Stuard,28.0,21,75
2015,99,0,29479,Scott Brown,27.78,20,72
2015,99,0,24502,Adam Scott,27.78,10,36
2015,101,0,34563,Chesson Hadley,27.73,33,119
2015,102,0,33667,Carlos Ortiz,27.72,28,101
2015,103,0,27141,J.B. Holmes,27.55,27,98
2015,104,0,32448,James Hahn,27.5,22,80
2015,104,0,33122,Russell Knox,27.5,22,80
2015,106,0,30692,Scott Stallings,27.27,21,77
2015,107,0,24140,Sean O'Hair,27.16,22,81
2015,108,0,30711,Colt Knost,27.14,19,70
2015,108,0,27214,Kevin Streelman,27.14,19,70
2015,110,0,25345,Carl Pettersson,27.12,32,118
2015,111,0,33399,Adam Hadwin,27.1,29,107
2015,112,0,27963,Chris Stroud,27.06,23,85
2015,113,0,24490,George McNeill,27.03,20,74
2015,114,0,33448,Justin Thomas,26.92,28,104
2015,115,0,28780,Nicholas Thompson,26.87,18,67
2015,116,0,24846,Ricky Barnes,26.74,23,86
2015,117,0,25892,Steve Wheatcroft,26.67,20,75
2015,118,0,35539,Luke Guthrie,26.51,22,83
2015,119,0,30852,Ryo Ishikawa,26.47,27,102
2015,120,0,27933,John Merrick,26.42,14,53
2015,121,0,23800,Bryce Molder,26.32,20,76
2015,121,0,34264,Hudson Swafford,26.32,20,76
2015,123,0,1810,Phil Mickelson,26.23,16,61
2015,124,0,32102,Rickie Fowler,26.15,17,65
2015,124,0,30926,Chris Kirk,26.15,17,65
2015,126,0,26329,Louis Oosthuizen,26.0,13,50
2015,127,0,20472,Alex Cejka,25.84,23,89
2015,128,0,23353,J.J. Henry,25.81,24,93
2015,128,0,32150,Michael Thompson,25.81,24,93
2015,128,0,23623,Bo Van Pelt,25.81,24,93
2015,131,0,23621,Rory Sabbatini,25.71,18,70
2015,132,0,29420,Billy Horschel,25.61,21,82
2015,133,0,29222,Billy Hurley III,25.42,15,59
2015,134,0,26951,Johnson Wagner,25.0,14,56
2015,135,0,32366,Kevin Chappell,24.69,20,81
2015,136,0,28132,Tyrone Van Aswegen,24.59,15,61
2015,137,0,25493,Nick Taylor,24.47,23,94
2015,138,0,22046,Geoff Ogilvy,24.39,10,41
2015,139,0,26476,Chez Reavie,24.32,9,37
2015,140,0,25369,Jamie Donaldson,24.24,8,33
2015,140,0,31193,Jim Renner,24.24,16,66
2015,140,0,26331,Charl Schwartzel,24.24,8,33
2015,143,0,29535,Brice Garnett,24.1,20,83
2015,144,0,34262,Jon Curran,23.88,16,67
2015,145,0,27466,Spencer Levin,23.81,15,63
2015,146,0,34431,Robert Streb,23.76,24,101
2015,147,0,6522,Ernie Els,23.73,14,59
2015,148,0,29720,Andres Gonzales,23.68,27,114
2015,149,0,33413,Ben Martin,23.61,17,72
2015,150,0,28475,Jeff Overton,23.53,20,85
2015,151,0,33418,Shawn Stefani,23.4,22,94
2015,152,0,29425,Andrew Svoboda,23.23,23,99
2015,153,0,34256,Andrew Putnam,23.16,22,95
2015,154,0,39977,Max Homa,23.08,15,65
2015,155,0,29725,Tony Finau,23.01,26,113
2015,156,0,30946,Alex Prugh,22.97,17,74
2015,157,0,34261,Scott Langley,22.78,18,79
2015,158,0,29223,Sam Saunders,22.45,11,49
2015,159,0,22056,Cameron Percy,22.39,15,67
2015,160,0,31416,Derek Fathauer,22.09,19,86
2015,161,0,29518,Brendan Steele,22.08,17,77
2015,162,0,32200,Roberto Castro,21.88,7,32
2015,163,0,24494,Erik Compton,21.79,17,78
2015,164,0,31323,Gary Woodland,21.67,13,60
2015,165,0,22892,Jason Gore,21.15,11,52
2015,166,0,10885,Robert Allenby,21.05,12,57
2015,167,0,20396,Lee Westwood,20.83,10,48
2015,168,0,27095,Nick Watney,20.69,18,87
2015,169,0,25900,Lucas Glover,20.63,13,63
2015,170,0,20691,Greg Owen,20.0,8,40
2015,171,0,25562,Andres Romero,19.74,15,76
2015,172,0,32839,Hideki Matsuyama,18.97,11,58
2015,173,0,20766,Padraig Harrington,18.84,13,69
2015,174,0,28023,Byron Smith,18.42,7,38
2015,175,0,24358,Robert Garrigus,18.18,12,66
2015,176,0,27436,Graham DeLaet,17.74,11,62
2015,177,0,23548,Bill Lunde,17.65,6,34
2015,178,0,30925,Dustin Johnson,17.07,7,41
2015,179,0,23048,Eric Axley,16.67,10,60
2015,179,0,33486,Roger Sloan,16.67,10,60
2015,181,0,20157,Retief Goosen,15.19,12,79
2015,182,0,37454,Whee Kim,15.15,10,66
2015,183,0,32334,Charlie Beljan,14.29,8,56
2015,184,0,20771,Steven Alker,13.89,5,36
2014,1,0,22293,Heath Slocum,50.91,28,55
2014,2,0,27556,Ted Potter Jr.,50.0,29,58
2014,3,0,21209,Sergio Garcia,44.83,13,29
2014,4,0,28089,Jason Day,43.18,19,44
2014,5,0,25349,Tim Wilkinson,42.71,41,96
2014,6,0,10809,Jim Furyk,41.18,21,51
2014,7,0,23320,Ryan Palmer,39.39,26,66
2014,8,0,20098,Stuart Appleby,39.32,46,117
2014,9,0,32839,Hideki Matsuyama,39.22,20,51
2014,10,0,21753,Brian Davis,38.3,36,94
2014,11,0,30926,Chris Kirk,38.1,40,105
2014,12,0,35539,Luke Guthrie,37.89,36,95
2014,13,0,27963,Chris Stroud,37.8,31,82
2014,14,0,34099,Harris English,37.21,32,86
2014,15,0,31560,Brian Stuard,36.71,29,79
2014,16,0,26596,Ryan Moore,36.67,22,60
2014,17,0,29221,Webb Simpson,36.56,34,93
2014,18,0,34360,Patrick Reed,36.54,38,104
2014,19,0,19846,Brian Gay,36.47,31,85
2014,20,0,25396,Kevin Na,36.25,29,80
2014,21,0,29740,Brad Fritsch,36.17,17,47
2014,22,0,30944,Jason Kokrak,36.07,22,61
2014,23,0,24924,Bill Haas,35.71,30,84
2014,24,0,20498,Briny Baird,35.48,22,62
2014,25,0,22405,Justin Rose,35.29,18,51
2014,26,0,30927,Brendon Todd,35.19,38,108
2014,27,0,25345,Carl Pettersson,35.16,32,91
2014,28,0,20645,John Senden,34.94,29,83
2014,29,0,24494,Erik Compton,34.88,30,86
2014,30,0,23108,Matt Kuchar,34.85,23,66
2014,31,0,20157,Retief Goosen,34.74,33,95
2014,32,0,24502,Adam Scott,34.69,17,49
2014,33,0,34431,Robert Streb,34.62,18,52
2014,34,0,24781,Hunter Mahan,34.57,28,81
2014,35,0,25720,Chad Collins,34.44,31,90
2014,36,0,27141,J.B. Holmes,34.38,33,96
2014,37,0,34261,Scott Langley,34.31,35,102
2014,38,0,28259,Sangmoon Bae,34.29,24,70
2014,39,0,34265,Will Wilcox,34.21,13,38
2014,40,0,25834,Daniel Summerhays,34.15,28,82
2014,41,0,22621,Ben Curtis,34.07,31,91
2014,42,0,20160,Charlie Wi,34.04,32,94
2014,43,0,8075,Jerry Kelly,33.78,25,74
2014,44,0,26758,David Hearn,33.66,34,101
2014,45,0,28500,Martin Flores,33.33,26,78
2014,45,0,24140,Sean O'Hair,33.33,30,90
2014,45,0,26329,Louis Oosthuizen,33.33,12,36
2014,45,0,31323,Gary Woodland,33.33,24,72
2014,49,0,23541,Ben Crane,32.99,32,97
2014,50,0,6522,Ernie Els,32.94,28,85
2014,51,0,33122,Russell Knox,32.89,25,76
2014,52,0,20104,Ken Duke,32.84,22,67
2014,53,0,33461,Morgan Hoffmann,32.65,48,147
2014,54,0,24357,K.J. Choi,32.47,25,77
2014,54,0,12716,Charley Hoffman,32.47,25,77
2014,54,0,1706,Davis Love III,32.47,25,77
2014,57,0,27895,Jonas Blixt,32.39,23,71
2014,58,0,27466,Spencer Levin,32.31,21,65
2014,59,0,1810,Phil Mickelson,32.14,18,56
2014,59,0,20396,Lee Westwood,32.14,18,56
2014,61,0,29420,Billy Horschel,32.1,26,81
2014,62,0,2206,David Toms,32.08,17,53
2014,63,0,10860,Justin Leonard,32.04,33,103
2014,64,0,27330,Josh Teater,31.82,28,88
2014,65,0,10885,Robert Allenby,31.75,20,63
2014,65,0,29222,Billy Hurley III,31.75,20,63
2014,67,0,10423,Mike Weir,31.73,33,104
2014,68,0,28307,Matt Every,31.33,26,83
2014,69,0,25444,Justin Hicks,31.25,25,80
2014,69,0,21731,Freddie Jacobson,31.25,30,96
2014,69,0,32150,Michael Thompson,31.25,25,80
2014,72,0,29289,S.Y. Noh,31.13,33,106
2014,73,0,24846,Ricky Barnes,31.08,23,74
2014,74,0,23135,Tim Clark,30.95,26,84
2014,75,0,29926,Danny Lee,30.88,21,68
2014,76,0,12510,Chad Campbell,30.77,16,52
2014,76,0,35139,Richard Lee,30.77,24,78
2014,78,0,29535,Brice Garnett,30.53,29,95
2014,79,0,25240,D.A. Points,30.49,25,82
2014,80,0,27649,Brandt Snedeker,30.38,24,79
2014,81,0,33413,Ben Martin,30.26,23,76
2014,82,0,24024,Zach Johnson,30.12,25,83
2014,83,0,28092,D.H. Lee,30.0,18,60
2014,83,0,30110,Kyle Stanley,30.0,21,70
2014,83,0,25804,Bubba Watson,30.0,18,60
2014,86,0,26851,Marc Leishman,29.89,26,87
2014,87,0,25632,Jimmy Walker,29.87,23,77
2014,88,0,26956,Bronson La'Cassie,29.55,13,44
2014,89,0,28475,Jeff Overton,29.49,23,78
2014,90,0,24138,Ian Poulter,29.41,15,51
2014,91,0,32333,Kevin Tway,29.31,17,58
2014,92,0,27936,Martin Laird,28.79,19,66
2014,93,0,22378,Trevor Immelman,28.77,21,73
2014,94,0,25274,Steven Bowditch,28.72,27,94
2014,95,0,27770,Camilo Villegas,28.7,31,108
2014,96,0,20229,Stewart Cink,28.57,26,91
2014,96,0,29461,Jamie Lovemark,28.57,18,63
2014,96,0,24490,George McNeill,28.57,20,70
2014,96,0,35541,John Peterson,28.57,14,49
2014,100,0,32200,Roberto Castro,28.4,23,81
2014,101,0,23800,Bryce Molder,28.26,26,92
2014,102,0,34046,Jordan Spieth,28.13,27,96
2014,103,0,30925,Dustin Johnson,28.0,14,50
2014,104,0,29479,Scott Brown,27.91,24,86
2014,105,0,33419,Cameron Tringale,27.83,32,115
2014,106,0,22046,Geoff Ogilvy,27.4,20,73
2014,107,0,22371,Aaron Baddeley,27.37,26,95
2014,108,0,21961,Charles Howell III,27.27,24,88
2014,109,0,23353,J.J. Henry,27.17,25,92
2014,110,0,24925,Jonathan Byrd,27.14,19,70
2014,110,0,29425,Andrew Svoboda,27.14,19,70
2014,112,0,32102,Rickie Fowler,26.92,21,78
2014,113,0,35732,Wes Roach,26.87,18,67
2014,114,0,31202,William McGirt,26.83,22,82
2014,115,0,25572,Graeme McDowell,26.79,15,56
2014,116,0,21878,Mark Wilson,26.76,19,71
2014,117,0,33141,Keegan Bradley,26.56,17,64
2014,118,0,23638,Brendon de Jonge,26.51,22,83
2014,119,0,7867,Woody Austin,26.32,20,76
2014,119,0,22913,John Rollins,26.32,25,95
2014,121,0,23983,Luke Donald,26.23,16,61
2014,122,0,27436,Graham DeLaet,26.09,18,69
2014,123,0,24358,Robert Garrigus,25.93,21,81
2014,124,0,37273,Derek Ernst,25.88,22,85
2014,125,0,26331,Charl Schwartzel,25.81,16,62
2014,125,0,26679,Kevin Stadler,25.81,16,62
2014,127,0,26300,Matt Jones,25.76,17,66
2014,128,0,25191,Gonzalo Fernandez-Castaño,25.58,22,86
2014,129,0,25900,Lucas Glover,25.45,14,55
2014,130,0,32640,Troy Merritt,25.35,18,71
2014,131,0,35300,Andrew Loupe,25.27,23,91
2014,132,0,27095,Nick Watney,25.0,15,60
2014,133,0,25562,Andres Romero,24.73,23,93
2014,134,0,34098,Russell Henley,24.49,24,98
2014,135,0,28237,Rory McIlroy,24.39,10,41
2014,136,0,32448,James Hahn,24.32,18,74
2014,137,0,27214,Kevin Streelman,24.29,17,70
2014,138,0,27408,Martin Kaymer,24.24,16,66
2014,139,0,29478,Kevin Kisner,24.14,21,87
2014,140,0,23623,Bo Van Pelt,23.53,16,68
2014,141,0,26289,Boo Weekley,23.33,7,30
2014,142,0,24361,Pat Perez,23.08,24,104
2014,143,0,31193,Jim Renner,22.97,17,74
2014,144,0,6567,Vijay Singh,22.86,16,70
2014,144,0,29518,Brendan Steele,22.86,16,70
2014,146,0,25686,Jason Dufner,22.73,10,44
2014,146,0,33418,Shawn Stefani,22.73,15,66
2014,146,0,26951,Johnson Wagner,22.73,15,66
2014,149,0,24507,Jason Bohn,22.47,20,89
2014,150,0,24663,Y.E. Yang,21.92,16,73
2014,151,0,20593,Greg Chalmers,21.88,21,96
2014,152,0,34021,Bud Cauley,21.82,12,55
2014,153,0,1724,Jeff Maggert,21.74,10,46
2014,153,0,28132,Tyrone Van Aswegen,21.74,20,92
2014,155,0,21528,Henrik Stenson,21.43,9,42
2014,156,0,32366,Kevin Chappell,21.18,18,85
2014,156,0,30852,Ryo Ishikawa,21.18,18,85
2014,158,0,34409,David Lingmerth,21.05,16,76
2014,158,0,27933,John Merrick,21.05,16,76
2014,160,0,27644,Brian Harman,20.91,23,110
2014,161,0,30692,Scott Stallings,20.9,14,67
2014,162,0,23409,James Driscoll,20.73,17,82
2014,163,0,34264,Hudson Swafford,20.37,11,54
2014,164,0,30750,Tommy Gainey,20.29,14,69
2014,165,0,32334,Charlie Beljan,20.0,14,70
2014,165,0,28486,Michael Putnam,20.0,20,100
2014,167,0,20848,Ángel Cabrera,19.67,12,61
2014,168,0,23621,Rory Sabbatini,19.48,15,77
2014,169,0,27120,Troy Matteson,19.44,14,72
2014,170,0,27064,Jhonattan Vegas,19.35,12,62
2014,171,0,28780,Nicholas Thompson,18.31,13,71
2014,172,0,24912,Will MacKenzie,18.28,17,93
2014,173,0,25364,Paul Casey,17.95,7,39
2014,174,0,31557,Jim Herman,17.39,8,46
2014,175,0,36689,Brooks Koepka,17.07,7,41
2014,176,0,34174,John Huh,16.9,12,71
2014,177,0,34563,Chesson Hadley,15.24,16,105
2013,1,0,8075,Jerry Kelly,46.0,23,50
2013,2,0,21878,Mark Wilson,43.18,19,44
2013,3,0,26596,Ryan Moore,42.62,26,61
2013,3,0,34046,Jordan Spieth,42.62,26,61
2013,5,0,20396,Lee Westwood,41.67,20,48
2013,6,0,20160,Charlie Wi,40.54,30,74
2013,7,0,28679,Fabián Gómez,40.0,24,60
2013,8,0,23353,J.J. Henry,38.64,34,88
2013,9,0,25632,Jimmy Walker,37.5,30,80
2013,10,0,32698,Bobby Gates,37.29,22,59
2013,11,0,32366,Kevin Chappell,37.14,26,70
2013,11,0,1320,Bob Estes,37.14,26,70
2013,13,0,24924,Bill Haas,37.1,23,62
2013,14,0,30926,Chris Kirk,36.84,35,95
2013,15,0,29420,Billy Horschel,36.71,29,79
2013,16,0,23541,Ben Crane,36.54,19,52
2013,17,0,32150,Michael Thompson,36.36,24,66
2013,18,0,20645,John Senden,36.17,17,47
2013,19,0,21753,Brian Davis,36.05,31,86
2013,20,0,10423,Mike Weir,35.96,32,89
2013,21,0,27649,Brandt Snedeker,35.38,23,65
2013,22,0,37273,Derek Ernst,35.19,19,54
2013,23,0,31557,Jim Herman,35.14,13,37
2013,23,0,2206,David Toms,35.14,13,37
2013,25,0,25686,Jason Dufner,35.09,20,57
2013,25,0,26300,Matt Jones,35.09,20,57
2013,27,0,27963,Chris Stroud,35.0,35,100
2013,28,0,22792,Peter Hanson,34.62,18,52
2013,28,0,30925,Dustin Johnson,34.62,18,52
2013,30,0,1810,Phil Mickelson,34.55,19,55
2013,31,0,24138,Ian Poulter,34.15,14,41
2013,32,0,20098,Stuart Appleby,34.02,33,97
2013,33,0,29221,Webb Simpson,33.87,21,62
2013,34,0,32200,Roberto Castro,33.33,23,69
2013,34,0,6522,Ernie Els,33.33,15,45
2013,34,0,21209,Sergio Garcia,33.33,13,39
2013,34,0,6567,Vijay Singh,33.33,12,36
2013,34,0,6527,Steve Stricker,33.33,8,24
2013,39,0,34098,Russell Henley,32.86,23,70
2013,40,0,20848,Ángel Cabrera,32.79,20,61
2013,41,0,21731,Freddie Jacobson,32.69,17,52
2013,42,0,34099,Harris English,32.67,33,101
2013,43,0,33418,Shawn Stefani,32.31,21,65
2013,44,0,27214,Kevin Streelman,32.26,20,62
2013,45,0,34409,David Lingmerth,32.0,16,50
2013,46,0,21961,Charles Howell III,31.87,29,91
2013,47,0,35139,Richard Lee,31.76,27,85
2013,48,0,34174,John Huh,31.75,20,63
2013,49,0,27120,Troy Matteson,31.71,26,82
2013,50,0,19846,Brian Gay,31.52,29,92
2013,51,0,23638,Brendon de Jonge,31.4,27,86
2013,52,0,27556,Ted Potter Jr.,31.25,15,48
2013,52,0,31560,Brian Stuard,31.25,25,80
2013,54,0,24781,Hunter Mahan,31.17,24,77
2013,55,0,20104,Ken Duke,31.08,23,74
2013,56,0,27503,Steve LeBrun,31.03,18,58
2013,56,0,25572,Graeme McDowell,31.03,9,29
2013,58,0,23135,Tim Clark,30.95,13,42
2013,59,0,29479,Scott Brown,30.91,17,55
2013,60,0,10860,Justin Leonard,30.77,32,104
2013,61,0,6573,Brandt Jobe,30.65,19,62
2013,62,0,27408,Martin Kaymer,30.61,15,49
2013,63,0,22405,Justin Rose,30.56,11,36
2013,64,0,28089,Jason Day,30.51,18,59
2013,65,0,34261,Scott Langley,30.43,28,92
2013,66,0,26758,David Hearn,30.34,27,89
2013,67,0,25240,D.A. Points,30.3,20,66
2013,67,0,26497,Casey Wittenberg,30.3,30,99
2013,69,0,27895,Jonas Blixt,30.23,26,86
2013,70,0,21099,David Lynn,30.16,19,63
2013,71,0,32334,Charlie Beljan,30.0,21,70
2013,71,0,33461,Morgan Hoffmann,30.0,18,60
2013,71,0,26476,Chez Reavie,30.0,15,50
2013,74,0,28259,Sangmoon Bae,29.9,29,97
2013,74,0,12510,Chad Campbell,29.9,29,97
2013,76,0,34360,Patrick Reed,29.89,26,87
2013,77,0,34431,Robert Streb,29.87,23,77
2013,78,0,31202,William McGirt,29.73,22,74
2013,78,0,28310,Lee Williams,29.73,22,74
2013,80,0,35539,Luke Guthrie,29.58,21,71
2013,81,0,25336,Alistair Presnell,29.51,18,61
2013,82,0,23409,James Driscoll,29.35,27,92
2013,83,0,24361,Pat Perez,29.33,22,75
2013,84,0,1724,Jeff Maggert,29.31,17,58
2013,85,0,27770,Camilo Villegas,29.23,19,65
2013,86,0,30711,Colt Knost,29.21,26,89
2013,87,0,22806,Doug LaBelle II,29.11,23,79
2013,87,0,26851,Marc Leishman,29.11,23,79
2013,89,0,24490,George McNeill,29.03,18,62
2013,90,0,23320,Ryan Palmer,28.95,22,76
2013,91,0,30163,Henrik Norlander,28.81,17,59
2013,91,0,27330,Josh Teater,28.81,17,59
2013,93,0,25834,Daniel Summerhays,28.75,23,80
2013,94,0,29518,Brendan Steele,28.72,27,94
2013,95,0,23452,Nicolas Colsaerts,28.57,10,35
2013,95,0,27436,Graham DeLaet,28.57,20,70
2013,95,0,22046,Geoff Ogilvy,28.57,14,49
2013,95,0,24502,Adam Scott,28.57,10,35
2013,99,0,24507,Jason Bohn,28.38,21,74
2013,100,0,34021,Bud Cauley,28.33,17,60
2013,100,0,32102,Rickie Fowler,28.33,17,60
2013,102,0,20593,Greg Chalmers,28.26,26,92
2013,103,0,33869,Eric Meierdierks,28.21,11,39
2013,104,0,22913,John Rollins,28.05,23,82
2013,105,0,30750,Tommy Gainey,28.04,30,107
2013,106,0,23983,Luke Donald,28.0,14,50
2013,107,0,28455,Will Claxton,27.87,17,61
2013,108,0,24494,Erik Compton,27.85,22,79
2013,109,0,12716,Charley Hoffman,27.78,20,72
2013,110,0,33419,Cameron Tringale,27.63,21,76
2013,111,0,24846,Ricky Barnes,27.59,16,58
2013,111,0,23623,Bo Van Pelt,27.59,16,58
2013,113,0,22378,Trevor Immelman,27.54,19,69
2013,113,0,25562,Andres Romero,27.54,19,69
2013,115,0,25900,Lucas Glover,27.45,14,51
2013,115,0,25804,Bubba Watson,27.45,14,51
2013,117,0,26679,Kevin Stadler,27.42,17,62
2013,118,0,27933,John Merrick,27.4,20,73
2013,119,0,22621,Ben Curtis,27.27,18,66
2013,119,0,28475,Jeff Overton,27.27,21,77
2013,119,0,21528,Henrik Stenson,27.27,9,33
2013,119,0,26951,Johnson Wagner,27.27,18,66
2013,119,0,26289,Boo Weekley,27.27,18,66
2013,124,0,22056,Cameron Percy,27.12,16,59
2013,125,0,8725,Tom Gillis,27.06,23,85
2013,126,0,6004,Stephen Ames,26.98,17,63
2013,126,0,28092,D.H. Lee,26.98,17,63
2013,128,0,25345,Carl Pettersson,26.87,18,67
2013,129,0,23325,Vaughn Taylor,26.79,15,56
2013,130,0,30110,Kyle Stanley,26.67,16,60
2013,130,0,22295,Darron Stiles,26.67,12,45
2013,130,0,28780,Nicholas Thompson,26.67,20,75
2013,133,0,8793,Tiger Woods,26.42,14,53
2013,134,0,28500,Martin Flores,26.25,21,80
2013,135,0,24024,Zach Johnson,26.23,16,61
2013,136,0,25274,Steven Bowditch,26.03,19,73
2013,137,0,25444,Justin Hicks,25.86,15,58
2013,138,0,27095,Nick Watney,25.71,18,70
2013,139,0,36884,Ben Kohles,25.0,16,64
2013,139,0,26331,Charl Schwartzel,25.0,15,60
2013,141,0,22371,Aaron Baddeley,24.72,22,89
2013,142,0,25818,Scott Piercy,24.68,19,77
2013,143,0,27644,Brian Harman,24.44,22,90
2013,144,0,20691,Greg Owen,24.39,20,82
2013,145,0,31323,Gary Woodland,24.18,22,91
2013,146,0,32448,James Hahn,24.0,18,75
2013,146,0,23800,Bryce Molder,24.0,18,75
2013,148,0,28237,Rory McIlroy,23.81,10,42
2013,148,0,24663,Y.E. Yang,23.81,10,42
2013,150,0,33141,Keegan Bradley,23.73,14,59
2013,150,0,12782,Tim Herron,23.73,14,59
2013,152,0,23497,Tag Ridings,23.53,16,68
2013,153,0,24140,Sean O'Hair,23.19,16,69
2013,154,0,29289,S.Y. Noh,23.17,19,82
2013,155,0,10809,Jim Furyk,22.92,11,48
2013,156,0,20572,Rod Pampling,22.5,9,40
2013,157,0,10213,Dicky Pride,22.22,14,63
2013,157,0,30692,Scott Stallings,22.22,18,81
2013,159,0,27129,Luke List,22.09,19,86
2013,160,0,30852,Ryo Ishikawa,22.06,15,68
2013,161,0,29425,Andrew Svoboda,21.62,8,37
2013,162,0,23108,Matt Kuchar,21.31,13,61
2013,162,0,23621,Rory Sabbatini,21.31,13,61
2013,164,0,20229,Stewart Cink,21.21,14,66
2013,165,0,20766,Padraig Harrington,20.93,9,43
2013,166,0,28307,Matt Every,20.55,15,73
2013,167,0,29740,Brad Fritsch,20.51,16,78
2013,168,0,10885,Robert Allenby,20.0,16,80
2013,169,0,22961,David Mathis,19.74,15,76
2013,170,0,27936,Martin Laird,19.67,12,61
2013,171,0,19970,Robert Karlsson,19.51,8,41
2013,171,0,20443,Jin Park,19.51,8,41
2013,173,0,30944,Jason Kokrak,18.67,14,75
2013,174,0,1116,Michael Bradley,17.91,12,67
2013,175,0,24357,K.J. Choi,17.78,8,45
2013,176,0,24399,Scott Gardiner,16.98,9,53
2013,177,0,28135,Aaron Watkins,16.95,10,59
2013,178,0,24227,Justin Bolli,16.67,10,60
2013,178,0,24358,Robert Garrigus,16.67,7,42
2013,180,0,23788,D.J. Trahan,11.54,3,26
2012,1,0,23983,Luke Donald,41.86,18,43
2012,2,0,23800,Bryce Molder,40.0,38,95
2012,3,0,25686,Jason Dufner,39.13,18,46
2012,4,0,1724,Jeff Maggert,38.75,31,80
2012,5,0,24924,Bill Haas,38.6,22,57
2012,6,0,20572,Rod Pampling,38.36,28,73
2012,7,0,26758,David Hearn,38.04,35,92
2012,8,0,22293,Heath Slocum,37.5,21,56
2012,9,0,25632,Jimmy Walker,37.38,40,107
2012,10,0,25457,Alexandre Rocha,37.21,16,43
2012,10,0,8793,Tiger Woods,37.21,16,43
2012,12,0,25240,D.A. Points,37.18,29,78
2012,13,0,23541,Ben Crane,36.99,27,73
2012,14,0,22405,Justin Rose,36.96,17,46
2012,14,0,20645,John Senden,36.96,17,46
2012,16,0,21528,Henrik Stenson,36.54,19,52
2012,17,0,26289,Boo Weekley,36.36,16,44
2012,18,0,20766,Padraig Harrington,36.17,17,47
2012,19,0,28308,Troy Kelly,36.11,26,72
2012,20,0,6522,Ernie Els,36.07,22,61
2012,21,0,22621,Ben Curtis,36.0,18,50
2012,22,0,21209,Sergio Garcia,35.9,14,39
2012,23,0,30711,Colt Knost,35.78,39,109
2012,24,0,10213,Dicky Pride,35.29,24,68
2012,25,0,30927,Brendon Todd,35.05,34,97
2012,26,0,19846,Brian Gay,34.86,38,109
2012,27,0,22913,John Rollins,34.78,24,69
2012,28,0,32102,Rickie Fowler,34.72,25,72
2012,29,0,1320,Bob Estes,34.52,29,84
2012,30,0,23108,Matt Kuchar,34.43,21,61
2012,31,0,20593,Greg Chalmers,34.38,33,96
2012,32,0,28237,Rory McIlroy,34.29,12,35
2012,33,0,25345,Carl Pettersson,34.26,37,108
2012,34,0,21350,Ryuji Imada,34.23,38,111
2012,35,0,27060,John Mallinger,33.93,19,56
2012,36,0,23135,Tim Clark,33.33,13,39
2012,36,0,24024,Zach Johnson,33.33,21,63
2012,36,0,27095,Nick Watney,33.33,29,87
2012,39,0,1766,Billy Mayfair,32.98,31,94
2012,40,0,1810,Phil Mickelson,32.79,20,61
2012,41,0,24663,Y.E. Yang,32.73,18,55
2012,42,0,23204,Gary Christian,32.47,25,77
2012,43,0,6251,Chris DiMarco,32.18,28,87
2012,44,0,26596,Ryan Moore,32.05,25,78
2012,44,0,26951,Johnson Wagner,32.05,25,78
2012,46,0,28087,Kris Blanks,31.91,15,47
2012,47,0,27963,Chris Stroud,31.87,29,91
2012,48,0,2206,David Toms,31.71,13,41
2012,49,0,20229,Stewart Cink,31.58,24,76
2012,49,0,27556,Ted Potter Jr.,31.58,18,57
2012,51,0,23320,Ryan Palmer,31.51,23,73
2012,52,0,26329,Louis Oosthuizen,31.48,17,54
2012,53,0,30944,Jason Kokrak,31.25,30,96
2012,54,0,27649,Brandt Snedeker,30.99,22,71
2012,55,0,6036,Scott Dunlap,30.77,12,39
2012,56,0,29478,Kevin Kisner,30.36,17,56
2012,57,0,29420,Billy Horschel,30.3,10,33
2012,58,0,23409,James Driscoll,30.0,33,110
2012,58,0,29221,Webb Simpson,30.0,18,60
2012,60,0,21961,Charles Howell III,29.87,23,77
2012,61,0,20098,Stuart Appleby,29.85,20,67
2012,62,0,33141,Keegan Bradley,29.69,19,64
2012,63,0,20848,Ángel Cabrera,29.55,13,44
2012,64,0,24925,Jonathan Byrd,29.41,20,68
2012,64,0,27974,Sung Kang,29.41,30,102
2012,64,0,22348,Nick O'Hern,29.41,30,102
2012,67,0,27936,Martin Laird,29.31,17,58
2012,68,0,23623,Bo Van Pelt,28.85,15,52
2012,69,0,33419,Cameron Tringale,28.74,25,87
2012,70,0,27436,Graham DeLaet,28.57,20,70
2012,70,0,27302,Garth Mulroy,28.57,14,49
2012,70,0,26331,Charl Schwartzel,28.57,8,28
2012,73,0,28455,Will Claxton,28.4,23,81
2012,74,0,24357,K.J. Choi,28.26,13,46
2012,74,0,21753,Brian Davis,28.26,26,92
2012,76,0,24140,Sean O'Hair,28.21,22,78
2012,77,0,20104,Ken Duke,28.17,20,71
2012,78,0,10860,Justin Leonard,28.16,29,103
2012,79,0,6527,Steve Stricker,28.07,16,57
2012,80,0,32200,Roberto Castro,28.05,23,82
2012,80,0,29222,Billy Hurley III,28.05,23,82
2012,82,0,10809,Jim Furyk,28.0,14,50
2012,83,0,32698,Bobby Gates,27.85,22,79
2012,84,0,27933,John Merrick,27.78,20,72
2012,85,0,1116,Michael Bradley,27.66,26,94
2012,86,0,28307,Matt Every,27.5,22,80
2012,86,0,26851,Marc Leishman,27.5,22,80
2012,88,0,23353,J.J. Henry,27.47,25,91
2012,89,0,27797,Derek Lamely,27.45,28,102
2012,90,0,25834,Daniel Summerhays,27.42,17,62
2012,91,0,24138,Ian Poulter,27.27,9,33
2012,91,0,25804,Bubba Watson,27.27,9,33
2012,93,0,28475,Jeff Overton,27.16,22,81
2012,94,0,24361,Pat Perez,27.14,19,70
2012,95,0,23638,Brendon de Jonge,27.06,23,85
2012,96,0,30750,Tommy Gainey,26.89,32,119
2012,97,0,20623,Gavin Coles,26.87,18,67
2012,98,0,28500,Martin Flores,26.8,26,97
2012,99,0,1706,Davis Love III,26.79,15,56
2012,100,0,30926,Chris Kirk,26.74,23,86
2012,100,0,27466,Spencer Levin,26.74,23,86
2012,102,0,27120,Troy Matteson,26.67,32,120
2012,103,0,34099,Harris English,26.37,24,91
2012,104,0,22371,Aaron Baddeley,26.32,15,57
2012,105,0,34174,John Huh,26.19,22,84
2012,106,0,8725,Tom Gillis,26.09,18,69
2012,106,0,21878,Mark Wilson,26.09,18,69
2012,108,0,28089,Jason Day,26.0,13,50
2012,109,0,23903,Stephen Gangluff,25.97,20,77
2012,110,0,20691,Greg Owen,25.93,21,81
2012,111,0,23621,Rory Sabbatini,25.88,22,85
2012,112,0,12510,Chad Campbell,25.81,16,62
2012,113,0,24490,George McNeill,25.68,19,74
2012,114,0,31202,William McGirt,25.64,20,78
2012,115,0,34021,Bud Cauley,25.47,27,106
2012,116,0,22378,Trevor Immelman,25.45,14,55
2012,116,0,21731,Freddie Jacobson,25.45,14,55
2012,118,0,21407,Arjun Atwal,25.0,19,76
2012,118,0,24494,Erik Compton,25.0,18,72
2012,118,0,31558,J.J. Killeen,25.0,20,80
2012,118,0,22046,Geoff Ogilvy,25.0,13,52
2012,118,0,26476,Chez Reavie,25.0,12,48
2012,123,0,27770,Camilo Villegas,24.68,19,77
2012,124,0,22961,David Mathis,24.64,17,69
2012,125,0,26679,Kevin Stadler,24.56,14,57
2012,126,0,27141,J.B. Holmes,24.44,22,90
2012,126,0,22582,Kyle Thompson,24.44,11,45
2012,128,0,32366,Kevin Chappell,24.36,19,78
2012,129,0,12716,Charley Hoffman,24.29,17,70
2012,130,0,12782,Tim Herron,24.24,16,66
2012,131,0,30852,Ryo Ishikawa,24.19,15,62
2012,132,0,23542,Tommy Biershenk,24.05,19,79
2012,133,0,23718,Nathan Green,23.94,17,71
2012,134,0,24781,Hunter Mahan,23.81,15,63
2012,134,0,29289,S.Y. Noh,23.81,20,84
2012,136,0,24358,Robert Garrigus,23.73,14,59
2012,137,0,25818,Scott Piercy,23.68,18,76
2012,138,0,25562,Andres Romero,23.53,16,68
2012,138,0,22548,Patrick Sheehan,23.53,12,51
2012,140,0,27214,Kevin Streelman,23.46,19,81
2012,141,0,24846,Ricky Barnes,23.26,20,86
2012,141,0,23325,Vaughn Taylor,23.26,20,86
2012,143,0,26300,Matt Jones,23.21,13,56
2012,144,0,1797,Rocco Mediate,23.19,16,69
2012,145,0,28259,Sangmoon Bae,22.97,17,74
2012,146,0,33122,Russell Knox,22.92,11,48
2012,147,0,33120,Mark Anderson,22.73,20,88
2012,148,0,25396,Kevin Na,22.58,14,62
2012,149,0,6567,Vijay Singh,22.41,13,58
2012,150,0,28093,Miguel Angel Carballo,22.22,16,72
2012,151,0,1249,John Daly,22.0,11,50
2012,152,0,30692,Scott Stallings,21.92,16,73
2012,153,0,6573,Brandt Jobe,21.82,12,55
2012,154,0,20574,Mathew Goggin,21.43,12,56
2012,154,0,8075,Jerry Kelly,21.43,12,56
2012,154,0,24502,Adam Scott,21.43,9,42
2012,157,0,20070,Matt Bettencourt,21.35,19,89
2012,158,0,23548,Bill Lunde,21.21,14,66
2012,159,0,20850,Daniel Chopra,21.13,15,71
2012,160,0,27064,Jhonattan Vegas,21.05,20,95
2012,161,0,24507,Jason Bohn,20.97,13,62
2012,162,0,20160,Charlie Wi,20.83,20,96
2012,163,0,32150,Michael Thompson,20.55,15,73
2012,164,0,29926,Danny Lee,20.31,13,64
2012,165,0,29910,Blake Adams,20.2,20,99
2012,166,0,10885,Robert Allenby,20.0,17,85
2012,166,0,6004,Stephen Ames,20.0,10,50
2012,166,0,35139,Richard Lee,20.0,13,65
2012,166,0,30110,Kyle Stanley,20.0,11,55
2012,166,0,29518,Brendan Steele,20.0,14,70
2012,171,0,1941,Tom Pernice Jr.,19.75,16,81
2012,172,0,29476,Kyle Reifers,19.74,15,76
2012,173,0,12652,Cameron Beckman,19.51,16,82
2012,174,0,27644,Brian Harman,19.32,17,88
2012,175,0,11123,Chris Couch,18.87,10,53
2012,176,0,19970,Robert Karlsson,18.75,9,48
2012,177,0,23788,D.J. Trahan,18.64,11,59
2012,178,0,31323,Gary Woodland,18.33,11,60
2012,179,0,27330,Josh Teater,17.72,14,79
2012,180,0,32334,Charlie Beljan,17.65,6,34
2012,180,0,29479,Scott Brown,17.65,9,51
2012,182,0,27895,Jonas Blixt,17.46,11,63
2012,183,0,6034,Marco Dawson,16.88,13,77
2012,184,0,24604,Hunter Haas,16.0,8,50
2012,185,0,30925,Dustin Johnson,15.56,7,45
2012,186,0,21805,Harrison Frazar,14.75,9,61
2012,187,0,26287,Roland Thatcher,13.95,6,43
2012,188,0,25572,Graeme McDowell,13.89,5,36
2012,189,0,25892,Steve Wheatcroft,10.53,4,38
2012,190,0,24940,Edward Loar,10.17,6,59
2012,191,0,20396,Lee Westwood,10.0,4,40
2011,1,0,20572,Rod Pampling,45.45,30,66
2011,2,0,24663,Y.E. Yang,45.24,19,42
2011,3,0,23983,Luke Donald,43.64,24,55
2011,4,0,20436,Garrett Willis,40.85,29,71
2011,5,0,27770,Camilo Villegas,40.54,30,74
2011,6,0,24357,K.J. Choi,40.0,26,65
2011,6,0,8075,Jerry Kelly,40.0,24,60
2011,8,0,21961,Charles Howell III,38.61,39,101
2011,9,0,28089,Jason Day,38.55,32,83
2011,10,0,20593,Greg Chalmers,38.54,37,96
2011,11,0,26596,Ryan Moore,37.93,22,58
2011,12,0,27933,John Merrick,37.5,21,56
2011,13,0,20160,Charlie Wi,37.29,44,118
2011,14,0,8537,J.P. Hayes,37.25,19,51
2011,15,0,23638,Brendon de Jonge,36.78,32,87
2011,16,0,6004,Stephen Ames,36.51,23,63
2011,17,0,27095,Nick Watney,36.36,20,55
2011,17,0,31323,Gary Woodland,36.36,24,66
2011,19,0,25396,Kevin Na,36.26,33,91
2011,20,0,22348,Nick O'Hern,35.9,28,78
2011,21,0,29718,Anthony Kim,35.71,35,98
2011,21,0,21878,Mark Wilson,35.71,25,70
2011,23,0,24925,Jonathan Byrd,35.63,31,87
2011,24,0,10733,Kent Jones,35.56,32,90
2011,25,0,24024,Zach Johnson,35.48,22,62
2011,26,0,23623,Bo Van Pelt,35.29,24,68
2011,27,0,33141,Keegan Bradley,34.74,33,95
2011,28,0,11123,Chris Couch,34.62,18,52
2011,29,0,27974,Sung Kang,34.29,24,70
2011,29,0,27214,Kevin Streelman,34.29,24,70
2011,31,0,21731,Freddie Jacobson,34.15,28,82
2011,32,0,1810,Phil Mickelson,33.9,20,59
2011,33,0,19846,Brian Gay,33.72,29,86
2011,34,0,12782,Tim Herron,33.67,33,98
2011,35,0,25632,Jimmy Walker,33.66,34,101
2011,36,0,20498,Briny Baird,33.33,14,42
2011,36,0,23673,Michael Connell,33.33,30,90
2011,36,0,22621,Ben Curtis,33.33,20,60
2011,36,0,1313,Steve Elkington,33.33,15,45
2011,36,0,20766,Padraig Harrington,33.33,23,69
2011,36,0,32150,Michael Thompson,33.33,30,90
2011,36,0,26951,Johnson Wagner,33.33,23,69
2011,43,0,10809,Jim Furyk,32.89,25,76
2011,44,0,27939,Matt McQuillan,32.86,23,70
2011,45,0,27936,Martin Laird,32.76,19,58
2011,46,0,21805,Harrison Frazar,32.65,16,49
2011,46,0,25345,Carl Pettersson,32.65,32,98
2011,48,0,27466,Spencer Levin,32.14,27,84
2011,49,0,2206,David Toms,32.08,17,53
2011,50,0,10585,Scott McCarron,31.88,22,69
2011,51,0,6527,Steve Stricker,31.82,14,44
2011,52,0,31557,Jim Herman,31.75,20,63
2011,53,0,23800,Bryce Molder,31.58,24,76
2011,53,0,22405,Justin Rose,31.58,18,57
2011,55,0,6515,Shaun Micheel,31.52,29,92
2011,56,0,23621,Rory Sabbatini,31.43,22,70
2011,57,0,22378,Trevor Immelman,31.4,27,86
2011,58,0,9011,David Duval,31.25,25,80
2011,58,0,24781,Hunter Mahan,31.25,25,80
2011,60,0,21407,Arjun Atwal,31.2,39,125
2011,61,0,28679,Fabián Gómez,31.18,29,93
2011,62,0,25900,Lucas Glover,31.15,19,61
2011,63,0,6621,Joe Durant,31.11,14,45
2011,64,0,23353,J.J. Henry,30.93,30,97
2011,65,0,12602,Dean Wilson,30.77,20,65
2011,66,0,6643,Paul Goydos,30.68,27,88
2011,66,0,33911,Nate Smith,30.68,27,88
2011,68,0,32102,Rickie Fowler,30.43,21,69
2011,68,0,22913,John Rollins,30.43,21,69
2011,70,0,6251,Chris DiMarco,30.39,31,102
2011,71,0,30692,Scott Stallings,30.38,24,79
2011,72,0,29910,Blake Adams,30.36,34,112
2011,73,0,10505,Shane Bertsch,30.0,21,70
2011,73,0,24924,Bill Haas,30.0,15,50
2011,73,0,28158,Steve Marino,30.0,18,60
2011,76,0,12716,Charley Hoffman,29.49,23,78
2011,77,0,10860,Justin Leonard,29.36,32,109
2011,78,0,24358,Robert Garrigus,29.17,21,72
2011,78,0,29221,Webb Simpson,29.17,21,72
2011,80,0,22961,David Mathis,29.11,23,79
2011,81,0,12510,Chad Campbell,29.07,25,86
2011,82,0,28620,Aron Price,29.03,18,62
2011,83,0,27330,Josh Teater,29.0,29,100
2011,84,0,24980,Scott Gutschewski,28.95,22,76
2011,85,0,32876,Martin Piller,28.75,23,80
2011,86,0,20127,Chris Riley,28.57,22,77
2011,86,0,27963,Chris Stroud,28.57,26,91
2011,88,0,26420,Richard Johnson,28.38,21,74
2011,89,0,30925,Dustin Johnson,28.3,15,53
2011,90,0,26287,Roland Thatcher,28.21,22,78
2011,91,0,31202,William McGirt,28.09,25,89
2011,92,0,20157,Retief Goosen,28.0,14,50
2011,92,0,26758,David Hearn,28.0,21,75
2011,94,0,21753,Brian Davis,27.85,22,79
2011,95,0,34255,Joseph Bramlett,27.78,20,72
2011,95,0,29420,Billy Horschel,27.78,20,72
2011,97,0,33419,Cameron Tringale,27.64,34,123
2011,98,0,6567,Vijay Singh,27.54,19,69
2011,99,0,27141,J.B. Holmes,27.27,12,44
2011,99,0,26851,Marc Leishman,27.27,27,99
2011,99,0,25804,Bubba Watson,27.27,12,44
2011,102,0,6573,Brandt Jobe,27.16,22,81
2011,103,0,25686,Jason Dufner,27.08,13,48
2011,103,0,24502,Adam Scott,27.08,13,48
2011,105,0,20070,Matt Bettencourt,27.03,30,111
2011,105,0,25818,Scott Piercy,27.03,20,74
2011,107,0,23320,Ryan Palmer,26.92,21,78
2011,108,0,24846,Ricky Barnes,26.87,18,67
2011,108,0,31193,Jim Renner,26.87,18,67
2011,110,0,21949,Joe Ogilvie,26.83,22,82
2011,111,0,31401,Zack Miller,26.72,31,116
2011,112,0,1948,Tim Petrovic,26.67,28,105
2011,113,0,19970,Robert Karlsson,26.53,13,49
2011,113,0,23108,Matt Kuchar,26.53,13,49
2011,115,0,28087,Kris Blanks,26.47,18,68
2011,116,0,21350,Ryuji Imada,26.44,23,87
2011,117,0,24604,Hunter Haas,26.37,24,91
2011,118,0,30711,Colt Knost,26.32,25,95
2011,118,0,22293,Heath Slocum,26.32,15,57
2011,120,0,6522,Ernie Els,26.23,16,61
2011,121,0,23409,James Driscoll,26.19,22,84
2011,122,0,23325,Vaughn Taylor,26.17,28,107
2011,123,0,22371,Aaron Baddeley,26.15,17,65
2011,124,0,20645,John Senden,26.03,19,73
2011,125,0,8725,Tom Gillis,25.76,17,66
2011,126,0,26331,Charl Schwartzel,25.58,11,43
2011,127,0,27064,Jhonattan Vegas,25.56,23,90
2011,128,0,30750,Tommy Gainey,25.4,32,126
2011,129,0,23718,Nathan Green,25.3,21,83
2011,130,0,29518,Brendan Steele,25.29,22,87
2011,131,0,25834,Daniel Summerhays,25.26,24,95
2011,132,0,10885,Robert Allenby,25.0,13,52
2011,132,0,7867,Woody Austin,25.0,11,44
2011,132,0,1706,Davis Love III,25.0,10,40
2011,132,0,26476,Chez Reavie,25.0,17,68
2011,132,0,30110,Kyle Stanley,25.0,15,60
2011,132,0,34072,Will Strickler,25.0,16,64
2011,138,0,33413,Ben Martin,24.69,20,81
2011,139,0,29720,Andres Gonzales,24.68,19,77
2011,140,0,24507,Jason Bohn,24.66,18,73
2011,141,0,27649,Brandt Snedeker,24.62,16,65
2011,142,0,1577,Lee Janzen,24.32,18,74
2011,143,0,25457,Alexandre Rocha,24.19,15,62
2011,144,0,24140,Sean O'Hair,24.1,20,83
2011,145,0,24290,D.J. Brigman,23.91,22,92
2011,146,0,23541,Ben Crane,23.73,14,59
2011,147,0,25562,Andres Romero,23.61,17,72
2011,148,0,32366,Kevin Chappell,23.53,16,68
2011,148,0,30926,Chris Kirk,23.53,20,85
2011,150,0,23497,Tag Ridings,23.15,25,108
2011,151,0,29478,Kevin Kisner,23.08,18,78
2011,151,0,30946,Alex Prugh,23.08,24,104
2011,153,0,27797,Derek Lamely,23.01,26,113
2011,154,0,8375,Paul Stankowski,23.0,23,100
2011,155,0,26300,Matt Jones,22.78,18,79
2011,156,0,26881,Jarrod Lyle,22.64,24,106
2011,157,0,23548,Bill Lunde,21.95,18,82
2011,158,0,1116,Michael Bradley,21.79,17,78
2011,159,0,23614,Rich Beem,21.67,13,60
2011,159,0,1766,Billy Mayfair,21.67,13,60
2011,159,0,1797,Rocco Mediate,21.67,13,60
2011,162,0,12652,Cameron Beckman,21.51,20,93
2011,163,0,25274,Steven Bowditch,21.36,22,103
2011,163,0,35087,Bio Kim,21.36,22,103
2011,165,0,25240,D.A. Points,21.33,16,75
2011,166,0,32698,Bobby Gates,21.13,15,71
2011,167,0,20098,Stuart Appleby,21.11,19,90
2011,168,0,28486,Michael Putnam,21.05,12,57
2011,169,0,22046,Geoff Ogilvy,20.97,13,62
2011,170,0,20229,Stewart Cink,20.75,11,53
2011,171,0,20472,Alex Cejka,20.45,9,44
2011,172,0,23788,D.J. Trahan,20.29,14,69
2011,173,0,25444,Justin Hicks,19.64,11,56
2011,174,0,7457,Steve Flesch,19.51,24,123
2011,175,0,24361,Pat Perez,19.44,14,72
2011,176,0,25572,Graeme McDowell,18.75,6,32
2011,177,0,28475,Jeff Overton,18.06,13,72
2011,178,0,26668,Marc Turnesa,18.0,9,50
2011,179,0,24138,Ian Poulter,17.5,7,40
2011,180,0,20848,Ángel Cabrera,17.02,8,47
2011,181,0,24490,George McNeill,16.92,11,65
2011,182,0,21209,Sergio Garcia,16.67,6,36
2011,183,0,32640,Troy Merritt,15.71,11,70
2011,184,0,27120,Troy Matteson,15.38,12,78
2011,185,0,26289,Boo Weekley,12.2,5,41
2011,186,0,26679,Kevin Stadler,11.54,9,78
2010,1,0,6527,Steve Stricker,54.55,24,44
2010,2,0,10809,Jim Furyk,46.34,19,41
2010,3,0,1619,Skip Kendall,43.28,29,67
2010,4,0,19846,Brian Gay,41.94,39,93
2010,5,0,26289,Boo Weekley,40.98,25,61
2010,6,0,6251,Chris DiMarco,40.51,32,79
2010,7,0,24140,Sean O'Hair,40.38,21,52
2010,8,0,6595,Kevin Sutherland,40.24,33,82
2010,9,0,23800,Bryce Molder,40.19,43,107
2010,10,0,25396,Kevin Na,39.74,31,78
2010,11,0,25364,Paul Casey,39.47,15,38
2010,12,0,20160,Charlie Wi,39.0,39,100
2010,13,0,20157,Retief Goosen,38.3,18,47
2010,14,0,24925,Jonathan Byrd,38.1,32,84
2010,15,0,21961,Charles Howell III,37.89,36,95
2010,16,0,1320,Bob Estes,37.84,28,74
2010,17,0,25190,Jeff Quinney,37.38,40,107
2010,18,0,1313,Steve Elkington,36.84,14,38
2010,18,0,22378,Trevor Immelman,36.84,21,57
2010,20,0,23349,Charles Warren,36.73,18,49
2010,21,0,26881,Jarrod Lyle,36.54,19,52
2010,22,0,20127,Chris Riley,36.07,22,61
2010,23,0,6621,Joe Durant,35.9,14,39
2010,24,0,26287,Roland Thatcher,35.53,27,76
2010,25,0,24663,Y.E. Yang,35.29,18,51
2010,26,0,1948,Tim Petrovic,35.16,32,91
2010,27,0,8375,Paul Stankowski,35.09,20,57
2010,28,0,20766,Padraig Harrington,34.62,18,52
2010,28,0,8075,Jerry Kelly,34.62,27,78
2010,30,0,24357,K.J. Choi,34.55,19,55
2010,30,0,6522,Ernie Els,34.55,19,55
2010,32,0,27095,Nick Watney,34.43,21,61
2010,33,0,21209,Sergio Garcia,34.38,11,32
2010,34,0,27436,Graham DeLaet,34.29,24,70
2010,34,0,26882,Michael Sim,34.29,24,70
2010,36,0,23673,Michael Connell,34.07,31,91
2010,36,0,26300,Matt Jones,34.07,31,91
2010,38,0,7363,Craig Bowden,34.0,17,50
2010,39,0,10423,Mike Weir,33.8,24,71
2010,40,0,25632,Jimmy Walker,33.71,30,89
2010,41,0,31560,Brian Stuard,33.66,34,101
2010,42,0,20098,Stuart Appleby,33.63,38,113
2010,43,0,23638,Brendon de Jonge,33.33,26,78
2010,43,0,28237,Rory McIlroy,33.33,13,39
2010,43,0,6567,Vijay Singh,33.33,16,48
2010,43,0,25804,Bubba Watson,33.33,24,72
2010,47,0,6004,Stephen Ames,32.91,26,79
2010,48,0,22405,Justin Rose,32.65,16,49
2010,49,0,8385,Omar Uresti,32.56,14,43
2010,50,0,27933,John Merrick,32.5,26,80
2010,51,0,10860,Justin Leonard,32.41,35,108
2010,52,0,23613,Rich Barcelo,32.35,33,102
2010,52,0,22621,Ben Curtis,32.35,22,68
2010,54,0,12782,Tim Herron,32.18,28,87
2010,55,0,23983,Luke Donald,32.14,18,56
2010,55,0,1766,Billy Mayfair,32.14,18,56
2010,57,0,20686,Jeev Milkha Singh,32.08,17,53
2010,58,0,23108,Matt Kuchar,32.0,24,75
2010,58,0,28475,Jeff Overton,32.0,32,100
2010,58,0,23621,Rory Sabbatini,32.0,24,75
2010,61,0,26596,Ryan Moore,31.91,15,47
2010,62,0,28158,Steve Marino,31.82,21,66
2010,63,0,6643,Paul Goydos,31.51,23,73
2010,63,0,1810,Phil Mickelson,31.51,23,73
2010,65,0,24361,Pat Perez,31.46,28,89
2010,66,0,24024,Zach Johnson,31.17,24,77
2010,66,0,10585,Scott McCarron,31.17,24,77
2010,68,0,23541,Ben Crane,31.03,18,58
2010,69,0,22371,Aaron Baddeley,30.89,38,123
2010,70,0,20070,Matt Bettencourt,30.77,28,91
2010,70,0,22293,Heath Slocum,30.77,20,65
2010,72,0,21949,Joe Ogilvie,30.53,29,95
2010,73,0,2239,Scott Verplank,30.51,18,59
2010,74,0,21350,Ryuji Imada,30.3,30,99
2010,75,0,1116,Michael Bradley,30.26,23,76
2010,76,0,29910,Blake Adams,30.14,22,73
2010,77,0,21753,Brian Davis,30.12,25,83
2010,78,0,20498,Briny Baird,30.0,24,80
2010,79,0,25345,Carl Pettersson,29.91,32,107
2010,80,0,20572,Rod Pampling,29.87,23,77
2010,81,0,2206,David Toms,29.82,17,57
2010,82,0,23135,Tim Clark,29.79,14,47
2010,82,0,27649,Brandt Snedeker,29.79,28,94
2010,82,0,33419,Cameron Tringale,29.79,14,47
2010,85,0,26420,Richard Johnson,29.73,22,74
2010,86,0,28620,Aron Price,29.69,19,64
2010,87,0,20593,Greg Chalmers,29.67,27,91
2010,88,0,25686,Jason Dufner,29.63,16,54
2010,89,0,24912,Will MacKenzie,29.51,18,61
2010,90,0,8725,Tom Gillis,29.47,28,95
2010,90,0,21731,Freddie Jacobson,29.47,28,95
2010,92,0,12510,Chad Campbell,29.27,24,82
2010,93,0,25900,Lucas Glover,29.09,16,55
2010,94,0,27797,Derek Lamely,29.07,25,86
2010,95,0,12602,Dean Wilson,29.03,9,31
2010,96,0,23718,Nathan Green,28.95,33,114
2010,97,0,29221,Webb Simpson,28.85,30,104
2010,98,0,29285,Brent Delahoussaye,28.57,16,56
2010,99,0,21878,Mark Wilson,28.05,23,82
2010,100,0,20574,Mathew Goggin,28.0,21,75
2010,101,0,23409,James Driscoll,27.91,24,86
2010,102,0,24502,Adam Scott,27.78,10,36
2010,103,0,1941,Tom Pernice Jr.,27.59,16,58
2010,104,0,23353,J.J. Henry,27.54,19,69
2010,105,0,24490,George McNeill,27.47,25,91
2010,106,0,24227,Justin Bolli,27.45,14,51
2010,107,0,25562,Andres Romero,27.4,20,73
2010,108,0,10885,Robert Allenby,27.27,15,55
2010,109,0,27936,Martin Laird,27.17,25,92
2010,110,0,27141,J.B. Holmes,27.16,22,81
2010,111,0,12714,Chris Tidland,27.12,16,59
2010,112,0,7867,Woody Austin,27.03,20,74
2010,113,0,26301,James Nitties,26.97,24,89
2010,114,0,23322,Brett Wetterich,26.83,11,41
2010,115,0,28307,Matt Every,26.79,15,56
2010,116,0,26951,Johnson Wagner,26.74,23,86
2010,117,0,24846,Ricky Barnes,26.51,22,83
2010,118,0,20850,Daniel Chopra,26.26,26,99
2010,119,0,25240,D.A. Points,26.19,22,84
2010,120,0,20105,Jeff Gove,26.09,12,46
2010,120,0,22913,John Rollins,26.09,18,69
2010,122,0,27770,Camilo Villegas,26.0,13,50
2010,123,0,24507,Jason Bohn,25.93,21,81
2010,123,0,1577,Lee Janzen,25.93,21,81
2010,125,0,12716,Charley Hoffman,25.86,15,58
2010,125,0,26392,Chris Wilson,25.86,15,58
2010,127,0,20472,Alex Cejka,25.71,18,70
2010,128,0,1161,Mark Calcavecchia,25.58,11,43
2010,129,0,26695,Michael Letzig,25.53,24,94
2010,130,0,28780,Nicholas Thompson,25.37,17,67
2010,131,0,27120,Troy Matteson,25.33,19,75
2010,132,0,20229,Stewart Cink,25.0,16,64
2010,132,0,11123,Chris Couch,25.0,11,44
2010,134,0,25720,Chad Collins,24.77,27,109
2010,135,0,7457,Steve Flesch,24.68,19,77
2010,135,0,23325,Vaughn Taylor,24.68,19,77
2010,137,0,27963,Chris Stroud,24.64,17,69
2010,137,0,23623,Bo Van Pelt,24.64,17,69
2010,139,0,12652,Cameron Beckman,24.62,16,65
2010,140,0,20848,Ángel Cabrera,24.53,13,53
2010,141,0,20378,Mathias Grönberg,24.49,12,49
2010,141,0,23548,Bill Lunde,24.49,24,98
2010,143,0,1945,Kenny Perry,24.39,10,41
2010,144,0,7749,Brett Quigley,24.32,27,111
2010,145,0,6012,Greg Kraft,24.24,16,66
2010,146,0,20645,John Senden,24.05,19,79
2010,147,0,24781,Hunter Mahan,24.0,12,50
2010,148,0,1329,Brad Faxon,23.91,22,92
2010,149,0,28500,Martin Flores,23.81,20,84
2010,149,0,22046,Geoff Ogilvy,23.81,15,63
2010,151,0,24138,Ian Poulter,23.68,9,38
2010,152,0,1706,Davis Love III,23.64,13,55
2010,153,0,27613,David Lutterus,23.61,17,72
2010,154,0,22946,Henrik Bjornstad,23.44,15,64
2010,155,0,20436,Garrett Willis,23.38,18,77
2010,156,0,23788,D.J. Trahan,23.33,14,60
2010,157,0,27060,John Mallinger,23.19,16,69
2010,158,0,26851,Marc Leishman,23.17,19,82
2010,158,0,27214,Kevin Streelman,23.17,19,82
2010,160,0,6515,Shaun Micheel,22.81,13,57
2010,161,0,22056,Cameron Percy,22.64,12,53
2010,162,0,30925,Dustin Johnson,22.58,14,62
2010,163,0,27330,Josh Teater,22.47,20,89
2010,164,0,24924,Bill Haas,22.45,11,49
2010,165,0,12705,Cliff Kresge,22.22,10,45
2010,165,0,27466,Spencer Levin,22.22,22,99
2010,167,0,23307,Roger Tambellini,22.08,17,77
2010,168,0,30946,Alex Prugh,22.0,22,100
2010,169,0,28089,Jason Day,21.92,16,73
2010,170,0,25892,Steve Wheatcroft,21.79,17,78
2010,171,0,1797,Rocco Mediate,21.43,12,56
2010,172,0,32640,Troy Merritt,21.35,19,89
2010,173,0,8537,J.P. Hayes,21.33,16,75
2010,174,0,32617,Jerod Turner,21.05,16,76
2010,175,0,10425,Jay Williamson,20.75,11,53
2010,176,0,6514,Kevin Johnson,20.69,18,87
2010,177,0,25818,Scott Piercy,20.56,22,107
2010,178,0,12755,Vance Veazey,20.48,17,83
2010,179,0,28087,Kris Blanks,20.34,12,59
2010,179,0,1724,Jeff Maggert,20.34,12,59
2010,181,0,1707,Steve Lowery,20.29,14,69
2010,182,0,9011,David Duval,20.27,15,74
2010,183,0,27302,Garth Mulroy,20.0,8,40
2010,184,0,23320,Ryan Palmer,19.72,14,71
2010,185,0,26679,Kevin Stadler,19.7,13,66
2010,186,0,24358,Robert Garrigus,19.64,11,56
2010,187,0,1249,John Daly,19.61,10,51
2010,187,0,22122,Andrew McLardy,19.61,10,51
2010,189,0,32102,Rickie Fowler,18.52,15,81
2010,190,0,20691,Greg Owen,15.52,9,58
2010,191,0,21959,Ted Purdy,14.68,16,109
2010,192,0,20663,Brenden Pappas,11.48,7,61
2009,1,0,6527,Steve Stricker,48.15,26,54
2009,2,0,1132,Mark Brooks,47.73,21,44
2009,3,0,27649,Brandt Snedeker,42.31,33,78
2009,3,0,8793,Tiger Woods,42.31,22,52
2009,5,0,23778,Brad Adamonis,40.66,37,91
2009,6,0,23108,Matt Kuchar,40.63,26,64
2009,7,0,25919,Brian Vranesh,40.43,19,47
2009,8,0,19846,Brian Gay,40.0,34,85
2009,8,0,21878,Mark Wilson,40.0,30,75
2009,10,0,23135,Tim Clark,39.58,19,48
2009,11,0,27095,Nick Watney,38.78,19,49
2009,12,0,1945,Kenny Perry,38.46,25,65
2009,13,0,24449,Parker McLachlin,37.4,46,123
2009,14,0,23983,Luke Donald,37.36,34,91
2009,14,0,1320,Bob Estes,37.36,34,91
2009,14,0,1948,Tim Petrovic,37.36,34,91
2009,17,0,24357,K.J. Choi,36.92,24,65
2009,17,0,20229,Stewart Cink,36.92,24,65
2009,19,0,21949,Joe Ogilvie,36.89,38,103
2009,20,0,25396,Kevin Na,36.62,26,71
2009,20,0,1941,Tom Pernice Jr.,36.62,26,71
2009,22,0,6251,Chris DiMarco,36.56,34,93
2009,23,0,24924,Bill Haas,36.47,31,85
2009,24,0,29221,Webb Simpson,36.04,40,111
2009,25,0,23718,Nathan Green,35.43,45,127
2009,26,0,8845,Scott Sterling,35.42,17,48
2009,27,0,1329,Brad Faxon,35.29,30,85
2009,28,0,23800,Bryce Molder,35.21,25,71
2009,29,0,12510,Chad Campbell,35.06,27,77
2009,30,0,1810,Phil Mickelson,35.0,21,60
2009,31,0,22961,David Mathis,34.83,31,89
2009,32,0,22348,Nick O'Hern,34.78,32,92
2009,33,0,23623,Bo Van Pelt,34.72,25,72
2009,34,0,12652,Cameron Beckman,34.52,29,84
2009,35,0,6197,Michael Allen,33.96,18,53
2009,36,0,26289,Boo Weekley,33.93,19,56
2009,37,0,6643,Paul Goydos,33.85,22,65
2009,38,0,20104,Ken Duke,33.78,25,74
2009,39,0,23353,J.J. Henry,33.65,35,104
2009,40,0,28089,Jason Day,33.33,18,54
2009,40,0,10117,Bob Heintz,33.33,18,54
2009,40,0,24024,Zach Johnson,33.33,23,69
2009,40,0,12705,Cliff Kresge,33.33,30,90
2009,40,0,27466,Spencer Levin,33.33,29,87
2009,40,0,26301,James Nitties,33.33,31,93
2009,40,0,22913,John Rollins,33.33,32,96
2009,40,0,22548,Patrick Sheehan,33.33,12,36
2009,48,0,21753,Brian Davis,32.98,31,94
2009,49,0,26881,Jarrod Lyle,32.86,23,70
2009,50,0,26679,Kevin Stadler,32.79,20,61
2009,51,0,12782,Tim Herron,32.41,35,108
2009,52,0,25190,Jeff Quinney,32.35,33,102
2009,53,0,1577,Lee Janzen,32.05,25,78
2009,53,0,27120,Troy Matteson,32.05,25,78
2009,55,0,20593,Greg Chalmers,32.0,24,75
2009,56,0,20070,Matt Bettencourt,31.97,39,122
2009,57,0,26420,Richard Johnson,31.96,31,97
2009,58,0,6595,Kevin Sutherland,31.65,25,79
2009,59,0,21961,Charles Howell III,31.58,30,95
2009,60,0,22371,Aaron Baddeley,31.52,29,92
2009,60,0,27214,Kevin Streelman,31.52,29,92
2009,62,0,1724,Jeff Maggert,31.51,23,73
2009,62,0,22293,Heath Slocum,31.51,23,73
2009,64,0,10423,Mike Weir,31.46,28,89
2009,65,0,22892,Jason Gore,31.34,21,67
2009,66,0,26695,Michael Letzig,31.33,26,83
2009,67,0,20160,Charlie Wi,31.31,31,99
2009,68,0,20645,John Senden,31.17,24,77
2009,69,0,10809,Jim Furyk,31.15,19,61
2009,70,0,28158,Steve Marino,31.03,27,87
2009,71,0,25240,D.A. Points,30.93,30,97
2009,72,0,26596,Ryan Moore,30.86,25,81
2009,73,0,22621,Ben Curtis,30.77,12,39
2009,74,0,20127,Chris Riley,30.67,23,75
2009,75,0,20472,Alex Cejka,30.56,22,72
2009,76,0,10860,Justin Leonard,30.49,25,82
2009,77,0,24503,Jeff Klauk,30.43,28,92
2009,77,0,26668,Marc Turnesa,30.43,28,92
2009,79,0,24925,Jonathan Byrd,30.36,17,56
2009,79,0,28118,Peter Tomasulo,30.36,17,56
2009,81,0,10885,Robert Allenby,30.23,13,43
2009,82,0,28620,Aron Price,30.21,29,96
2009,83,0,1928,Corey Pavin,30.14,22,73
2009,84,0,31416,Derek Fathauer,30.0,24,80
2009,85,0,1797,Rocco Mediate,29.85,20,67
2009,86,0,1313,Steve Elkington,29.82,17,57
2009,87,0,21350,Ryuji Imada,29.81,31,104
2009,88,0,20691,Greg Owen,29.73,22,74
2009,89,0,20634,Peter Lonard,29.59,29,98
2009,90,0,23788,D.J. Trahan,29.51,18,61
2009,91,0,7749,Brett Quigley,29.47,28,95
2009,92,0,20766,Padraig Harrington,29.41,20,68
2009,93,0,1035,Tommy Armour III,28.85,15,52
2009,94,0,10585,Scott McCarron,28.81,17,59
2009,95,0,26498,Matt Weibring,28.79,19,66
2009,96,0,25686,Jason Dufner,28.77,21,73
2009,97,0,24361,Pat Perez,28.74,25,87
2009,98,0,7867,Woody Austin,28.57,22,77
2009,98,0,21209,Sergio Garcia,28.57,10,35
2009,98,0,24781,Hunter Mahan,28.57,20,70
2009,98,0,2214,Kirk Triplett,28.57,12,42
2009,102,0,1226,Fred Couples,28.3,15,53
2009,103,0,20157,Retief Goosen,28.13,18,64
2009,104,0,21959,Ted Purdy,28.0,21,75
2009,104,0,27963,Chris Stroud,28.0,21,75
2009,104,0,23349,Charles Warren,28.0,14,50
2009,107,0,2239,Scott Verplank,27.94,19,68
2009,108,0,20098,Stuart Appleby,27.85,22,79
2009,108,0,21731,Freddie Jacobson,27.85,22,79
2009,110,0,23320,Ryan Palmer,27.66,26,94
2009,111,0,12716,Charley Hoffman,27.63,21,76
2009,111,0,8075,Jerry Kelly,27.63,21,76
2009,113,0,24502,Adam Scott,27.45,14,51
2009,114,0,20498,Briny Baird,27.14,19,70
2009,114,0,24507,Jason Bohn,27.14,19,70
2009,116,0,10733,Kent Jones,27.12,16,59
2009,117,0,20574,Mathew Goggin,27.08,13,48
2009,118,0,6522,Ernie Els,26.92,14,52
2009,118,0,1473,Todd Hamilton,26.92,21,78
2009,120,0,21805,Harrison Frazar,26.89,32,119
2009,121,0,20850,Daniel Chopra,26.73,27,101
2009,122,0,9011,David Duval,26.67,24,90
2009,122,0,26951,Johnson Wagner,26.67,24,90
2009,124,0,24140,Sean O'Hair,26.53,13,49
2009,124,0,12602,Dean Wilson,26.53,26,98
2009,126,0,22046,Geoff Ogilvy,26.32,15,57
2009,126,0,28475,Jeff Overton,26.32,25,95
2009,128,0,26851,Marc Leishman,26.19,22,84
2009,129,0,7223,Brian Bateman,25.97,20,77
2009,130,0,24912,Will MacKenzie,25.93,14,54
2009,131,0,27933,John Merrick,25.81,24,93
2009,132,0,24663,Y.E. Yang,25.71,18,70
2009,133,0,27141,J.B. Holmes,25.56,23,90
2009,134,0,25345,Carl Pettersson,25.51,25,98
2009,135,0,22405,Justin Rose,25.49,13,51
2009,136,0,20572,Rod Pampling,25.4,16,63
2009,137,0,23325,Vaughn Taylor,25.26,24,95
2009,138,0,23541,Ben Crane,25.0,16,64
2009,138,0,25900,Lucas Glover,25.0,17,68
2009,138,0,23497,Tag Ridings,25.0,11,44
2009,141,0,30927,Brendon Todd,24.42,21,86
2009,142,0,23638,Brendon de Jonge,24.36,19,78
2009,143,0,29718,Anthony Kim,24.32,18,74
2009,144,0,1706,Davis Love III,24.29,17,70
2009,145,0,24490,George McNeill,24.1,20,83
2009,146,0,26476,Chez Reavie,23.94,17,71
2009,147,0,23548,Bill Lunde,23.81,20,84
2009,148,0,1142,Bart Bryant,23.73,14,59
2009,149,0,23048,Eric Axley,23.7,32,135
2009,150,0,1707,Steve Lowery,23.38,18,77
2009,151,0,25632,Jimmy Walker,23.29,17,73
2009,152,0,27683,Leif Olson,23.08,12,52
2009,152,0,24138,Ian Poulter,23.08,9,39
2009,154,0,26300,Matt Jones,22.92,11,48
2009,155,0,23614,Rich Beem,22.39,15,67
2009,156,0,2206,David Toms,22.22,14,63
2009,157,0,23621,Rory Sabbatini,22.08,17,77
2009,158,0,27060,John Mallinger,22.06,15,68
2009,159,0,8931,Glen Day,21.88,14,64
2009,160,0,10425,Jay Williamson,21.82,12,55
2009,161,0,28087,Kris Blanks,21.74,10,46
2009,162,0,6567,Vijay Singh,21.15,11,52
2009,163,0,7457,Steve Flesch,20.9,14,67
2009,164,0,27770,Camilo Villegas,20.69,12,58
2009,165,0,24358,Robert Garrigus,20.63,13,63
2009,166,0,28780,Nicholas Thompson,20.59,14,68
2009,167,0,20848,Ángel Cabrera,20.51,8,39
2009,168,0,26497,Casey Wittenberg,20.41,10,49
2009,169,0,6004,Stephen Ames,20.37,11,54
2009,170,0,30925,Dustin Johnson,20.27,15,74
2009,171,0,25818,Scott Piercy,20.25,16,79
2009,172,0,6539,Rick Price,20.0,9,45
2009,173,0,30711,Colt Knost,19.7,13,66
2009,174,0,24846,Ricky Barnes,19.61,10,51
2009,175,0,27936,Martin Laird,19.18,14,73
2009,176,0,1766,Billy Mayfair,19.12,13,68
2009,177,0,22295,Darron Stiles,18.42,7,38
2009,178,0,1161,Mark Calcavecchia,18.18,12,66
2009,179,0,1677,Tom Lehman,17.39,4,23
2009,180,0,6621,Joe Durant,17.07,7,41
2009,181,0,6012,Greg Kraft,16.33,8,49
2009,182,0,25804,Bubba Watson,16.25,13,80
2009,183,0,25562,Andres Romero,14.29,7,49
2009,184,0,31323,Gary Woodland,6.78,4,59
2008,1,0,23541,Ben Crane,42.5,34,80
2008,2,0,1553,John Huston,42.31,22,52
2008,2,0,20382,Stephen Leaney,42.31,22,52
2008,4,0,1928,Corey Pavin,42.11,32,76
2008,5,0,1313,Steve Elkington,41.94,26,62
2008,6,0,23125,Brad Elder,41.56,32,77
2008,7,0,20127,Chris Riley,41.18,21,51
2008,8,0,8075,Jerry Kelly,40.7,35,86
2008,9,0,20634,Peter Lonard,40.43,38,94
2008,10,0,10505,Shane Bertsch,39.62,42,106
2008,11,0,20098,Stuart Appleby,39.53,34,86
2008,12,0,29718,Anthony Kim,39.47,30,76
2008,13,0,24449,Parker McLachlin,38.05,43,113
2008,14,0,19846,Brian Gay,37.86,39,103
2008,15,0,23778,Brad Adamonis,37.78,34,90
2008,16,0,1320,Bob Estes,37.5,33,88
2008,17,0,20472,Alex Cejka,37.1,23,62
2008,17,0,25345,Carl Pettersson,37.1,46,124
2008,19,0,1948,Tim Petrovic,37.04,30,81
2008,20,0,10423,Mike Weir,36.99,27,73
2008,21,0,20160,Charlie Wi,36.36,36,99
2008,22,0,26300,Matt Jones,35.96,41,114
2008,23,0,12602,Dean Wilson,35.2,44,125
2008,24,0,23048,Eric Axley,35.12,59,168
2008,25,0,23718,Nathan Green,34.92,44,126
2008,26,0,25349,Tim Wilkinson,34.88,30,86
2008,27,0,6004,Stephen Ames,34.85,23,66
2008,27,0,23135,Tim Clark,34.85,23,66
2008,29,0,26695,Michael Letzig,34.78,24,69
2008,30,0,6567,Vijay Singh,34.69,17,49
2008,31,0,21753,Brian Davis,34.48,30,87
2008,32,0,21949,Joe Ogilvie,34.44,31,90
2008,33,0,6527,Steve Stricker,34.21,26,76
2008,34,0,27649,Brandt Snedeker,34.09,30,88
2008,35,0,22806,Doug LaBelle II,33.9,20,59
2008,36,0,22371,Aaron Baddeley,33.78,25,74
2008,37,0,26951,Johnson Wagner,33.71,30,89
2008,38,0,7457,Steve Flesch,33.66,34,101
2008,39,0,1766,Billy Mayfair,32.95,29,88
2008,40,0,24924,Bill Haas,32.58,29,89
2008,41,0,6643,Paul Goydos,32.53,27,83
2008,42,0,12823,Carlos Franco,32.31,21,65
2008,43,0,1945,Kenny Perry,32.18,28,87
2008,44,0,20498,Briny Baird,32.1,26,81
2008,45,0,25632,Jimmy Walker,32.05,25,78
2008,46,0,8537,J.P. Hayes,31.91,30,94
2008,46,0,24138,Ian Poulter,31.91,15,47
2008,48,0,8385,Omar Uresti,31.82,21,66
2008,49,0,1139,Olin Browne,31.75,20,63
2008,50,0,10885,Robert Allenby,31.67,19,60
2008,50,0,1226,Fred Couples,31.67,19,60
2008,52,0,6012,Greg Kraft,31.58,18,57
2008,53,0,6595,Kevin Sutherland,31.33,26,83
2008,54,0,12660,Jesper Parnevik,31.31,31,99
2008,55,0,8845,Scott Sterling,31.25,25,80
2008,56,0,9011,David Duval,31.18,29,93
2008,57,0,21731,Freddie Jacobson,31.03,27,87
2008,58,0,21878,Mark Wilson,30.97,35,113
2008,59,0,26420,Richard Johnson,30.95,13,42
2008,60,0,22548,Patrick Sheehan,30.83,37,120
2008,61,0,21209,Sergio Garcia,30.77,12,39
2008,61,0,19913,Ron Whittaker,30.77,16,52
2008,63,0,6197,Michael Allen,30.67,23,75
2008,64,0,12680,Shigeki Maruyama,30.65,19,62
2008,65,0,24227,Justin Bolli,30.53,29,95
2008,65,0,25396,Kevin Na,30.53,29,95
2008,67,0,22913,John Rollins,30.49,25,82
2008,68,0,20104,Ken Duke,30.47,39,128
2008,69,0,10809,Jim Furyk,30.43,21,69
2008,70,0,24781,Hunter Mahan,30.3,20,66
2008,71,0,7867,Woody Austin,30.16,19,63
2008,71,0,23353,J.J. Henry,30.16,38,126
2008,73,0,25804,Bubba Watson,30.14,22,73
2008,74,0,24925,Jonathan Byrd,30.0,24,80
2008,75,0,6522,Ernie Els,29.79,14,47
2008,76,0,23108,Matt Kuchar,29.69,19,64
2008,77,0,28475,Jeff Overton,29.63,32,108
2008,77,0,2223,Bob Tway,29.63,16,54
2008,79,0,20663,Brenden Pappas,29.58,21,71
2008,80,0,12782,Tim Herron,29.57,34,115
2008,81,0,1142,Bart Bryant,29.55,13,44
2008,82,0,6034,Marco Dawson,29.49,23,78
2008,83,0,27963,Chris Stroud,29.41,20,68
2008,84,0,6251,Chris DiMarco,29.35,27,92
2008,85,0,22621,Ben Curtis,29.23,19,65
2008,86,0,27936,Martin Laird,29.17,28,96
2008,86,0,1941,Tom Pernice Jr.,29.17,35,120
2008,88,0,1161,Mark Calcavecchia,28.81,17,59
2008,89,0,26596,Ryan Moore,28.79,19,66
2008,90,0,20157,Retief Goosen,28.33,17,60
2008,91,0,1577,Lee Janzen,28.32,32,113
2008,92,0,27060,John Mallinger,28.26,26,92
2008,93,0,20574,Mathew Goggin,28.0,21,75
2008,93,0,10733,Kent Jones,28.0,14,50
2008,95,0,21350,Ryuji Imada,27.91,24,86
2008,95,0,24361,Pat Perez,27.91,24,86
2008,97,0,20645,John Senden,27.63,21,76
2008,98,0,26476,Chez Reavie,27.59,24,87
2008,98,0,2239,Scott Verplank,27.59,16,58
2008,100,0,24357,K.J. Choi,27.54,19,69
2008,101,0,12510,Chad Campbell,27.47,25,91
2008,102,0,28780,Nicholas Thompson,27.37,26,95
2008,103,0,25190,Jeff Quinney,27.35,32,117
2008,104,0,25720,Chad Collins,27.27,27,99
2008,104,0,24490,George McNeill,27.27,30,110
2008,106,0,24912,Will MacKenzie,27.14,19,70
2008,107,0,22348,Nick O'Hern,26.98,17,63
2008,108,0,7749,Brett Quigley,26.97,24,89
2008,109,0,21959,Ted Purdy,26.92,21,78
2008,110,0,8931,Glen Day,26.79,15,56
2008,111,0,23325,Vaughn Taylor,26.77,34,127
2008,112,0,1024,Billy Andrade,26.76,19,71
2008,113,0,20443,Jin Park,26.73,27,101
2008,114,0,27770,Camilo Villegas,26.67,16,60
2008,115,0,23797,Brett Rumford,26.6,25,94
2008,116,0,23540,Jason Allred,26.56,17,64
2008,117,0,1473,Todd Hamilton,26.51,22,83
2008,118,0,24024,Zach Johnson,26.32,15,57
2008,119,0,25900,Lucas Glover,26.25,21,80
2008,120,0,1810,Phil Mickelson,26.23,16,61
2008,121,0,10860,Justin Leonard,26.15,17,65
2008,122,0,21961,Charles Howell III,26.09,24,92
2008,123,0,26500,Alejandro Cañizares,26.0,13,50
2008,124,0,1035,Tommy Armour III,25.93,21,81
2008,124,0,11032,Frank Lickliter II,25.93,28,108
2008,126,0,23614,Rich Beem,25.88,22,85
2008,127,0,24140,Sean O'Hair,25.81,16,62
2008,127,0,25594,Travis Perkins,25.81,16,62
2008,129,0,1706,Davis Love III,25.71,18,70
2008,130,0,10875,Todd Demsey,25.68,19,74
2008,131,0,28089,Jason Day,25.61,21,82
2008,131,0,6090,Jim McGovern,25.61,21,82
2008,133,0,12652,Cameron Beckman,25.58,22,86
2008,134,0,26289,Boo Weekley,25.53,12,47
2008,135,0,2206,David Toms,25.45,14,55
2008,136,0,1388,Robert Gamez,25.35,18,71
2008,137,0,27141,J.B. Holmes,25.29,22,87
2008,138,0,1707,Steve Lowery,25.26,24,95
2008,139,0,20850,Daniel Chopra,25.25,25,99
2008,140,0,19803,Ryan Armour,25.0,22,88
2008,140,0,26631,Cody Freeman,25.0,17,68
2008,140,0,1677,Tom Lehman,25.0,12,48
2008,140,0,22046,Geoff Ogilvy,25.0,12,48
2008,140,0,23788,D.J. Trahan,25.0,17,68
2008,140,0,23623,Bo Van Pelt,25.0,26,104
2008,146,0,28158,Steve Marino,24.74,24,97
2008,147,0,21461,Kenneth Ferrie,24.64,17,69
2008,148,0,23621,Rory Sabbatini,24.62,16,65
2008,149,0,20229,Stewart Cink,24.39,20,82
2008,150,0,6575,Dudley Hart,24.32,18,74
2008,150,0,10425,Jay Williamson,24.32,18,74
2008,152,0,23349,Charles Warren,24.19,15,62
2008,153,0,20572,Rod Pampling,24.14,21,87
2008,153,0,10649,Tom Scherrer,24.14,14,58
2008,155,0,20105,Jeff Gove,23.91,11,46
2008,156,0,1724,Jeff Maggert,23.86,21,88
2008,157,0,24502,Adam Scott,23.81,10,42
2008,158,0,22293,Heath Slocum,23.73,14,59
2008,159,0,12826,Paul Claxton,23.53,16,68
2008,159,0,6573,Brandt Jobe,23.53,12,51
2008,161,0,10585,Scott McCarron,23.4,11,47
2008,162,0,12705,Cliff Kresge,23.33,21,90
2008,163,0,20378,Mathias Grönberg,23.0,23,100
2008,164,0,27214,Kevin Streelman,22.99,20,87
2008,165,0,27613,David Lutterus,22.97,17,74
2008,166,0,20766,Padraig Harrington,22.86,8,35
2008,167,0,6621,Joe Durant,22.73,15,66
2008,168,0,27933,John Merrick,22.62,19,84
2008,169,0,22378,Trevor Immelman,22.5,18,80
2008,170,0,7547,Craig Kanada,22.06,15,68
2008,170,0,12309,Bob Sowards,22.06,15,68
2008,172,0,20623,Gavin Coles,21.88,7,32
2008,173,0,26668,Marc Turnesa,21.84,19,87
2008,174,0,12716,Charley Hoffman,21.69,18,83
2008,175,0,25562,Andres Romero,21.67,13,60
2008,176,0,23409,James Driscoll,21.51,20,93
2008,177,0,21633,Steve Allan,21.31,13,61
2008,178,0,23157,Richard Johnson,21.28,20,94
2008,179,0,20433,Mark Hensby,20.48,17,83
2008,180,0,27120,Troy Matteson,20.43,19,93
2008,181,0,27095,Nick Watney,20.24,17,84
2008,182,0,23497,Tag Ridings,20.21,19,94
2008,182,0,24663,Y.E. Yang,20.21,19,94
2008,184,0,1797,Rocco Mediate,20.0,14,70
2008,185,0,26679,Kevin Stadler,19.74,15,76
2008,186,0,22582,Kyle Thompson,19.51,16,82
2008,187,0,25842,Jon Mills,19.0,19,100
2008,188,0,23320,Ryan Palmer,18.87,10,53
2008,189,0,22892,Jason Gore,18.84,13,69
2008,190,0,21805,Harrison Frazar,17.19,11,64
2008,191,0,30750,Tommy Gainey,17.11,13,76
2008,192,0,30925,Dustin Johnson,16.0,16,100
2008,193,0,25364,Paul Casey,15.63,5,32
2008,194,0,27561,Nick Flanagan,15.38,12,78
2008,195,0,24358,Robert Garrigus,15.12,13,86
2008,196,0,20848,Ángel Cabrera,13.46,7,52
2008,197,0,2002,John Riegger,12.73,7,55
2007,1,0,23621,Rory Sabbatini,44.44,32,72
2007,2,0,24140,Sean O'Hair,42.22,38,90
2007,3,0,8793,Tiger Woods,41.67,15,36
2007,4,0,24138,Ian Poulter,41.03,16,39
2007,5,0,27649,Brandt Snedeker,40.71,46,113
2007,6,0,7867,Woody Austin,40.45,36,89
2007,7,0,20623,Gavin Coles,40.24,33,82
2007,8,0,20472,Alex Cejka,38.3,18,47
2007,9,0,21806,Paul Gow,37.68,26,69
2007,10,0,6643,Paul Goydos,37.5,24,64
2007,11,0,20859,Anders Hansen,37.21,16,43
2007,12,0,23788,D.J. Trahan,36.71,29,79
2007,13,0,24357,K.J. Choi,36.49,27,74
2007,14,0,23108,Matt Kuchar,36.36,32,88
2007,15,0,2239,Scott Verplank,36.21,21,58
2007,16,0,6595,Kevin Sutherland,36.14,30,83
2007,17,0,2223,Bob Tway,35.71,35,98
2007,18,0,20634,Peter Lonard,35.63,31,87
2007,19,0,27770,Camilo Villegas,35.59,21,59
2007,20,0,8931,Glen Day,35.42,34,96
2007,21,0,20433,Mark Hensby,35.09,40,114
2007,22,0,21878,Mark Wilson,35.0,35,100
2007,23,0,23718,Nathan Green,34.95,36,103
2007,24,0,6527,Steve Stricker,34.88,30,86
2007,25,0,20378,Mathias Grönberg,34.44,31,90
2007,26,0,28475,Jeff Overton,34.21,13,38
2007,27,0,22892,Jason Gore,34.15,28,82
2007,28,0,22621,Ben Curtis,34.07,31,91
2007,29,0,20766,Padraig Harrington,33.96,18,53
2007,30,0,23135,Tim Clark,33.93,19,56
2007,31,0,27963,Chris Stroud,33.9,20,59
2007,32,0,25900,Lucas Glover,33.78,25,74
2007,33,0,6251,Chris DiMarco,33.7,31,92
2007,34,0,24449,Parker McLachlin,33.33,30,90
2007,34,0,10423,Mike Weir,33.33,24,72
2007,36,0,10860,Justin Leonard,33.04,38,115
2007,37,0,26881,Jarrod Lyle,32.5,26,80
2007,38,0,20105,Jeff Gove,32.41,35,108
2007,39,0,6373,José María Olazábal,32.35,22,68
2007,40,0,23623,Bo Van Pelt,32.22,29,90
2007,41,0,22371,Aaron Baddeley,32.18,28,87
2007,42,0,20127,Chris Riley,31.94,23,72
2007,43,0,20229,Stewart Cink,31.91,30,94
2007,44,0,24290,D.J. Brigman,31.88,22,69
2007,45,0,22405,Justin Rose,31.71,13,41
2007,46,0,8123,Jeff Brehaut,31.48,17,54
2007,46,0,10733,Kent Jones,31.48,34,108
2007,48,0,6004,Stephen Ames,31.34,21,67
2007,49,0,1161,Mark Calcavecchia,31.25,25,80
2007,50,0,23933,Michael Boyd,31.03,18,58
2007,51,0,8075,Jerry Kelly,30.99,22,71
2007,52,0,20382,Stephen Leaney,30.95,26,84
2007,53,0,1707,Steve Lowery,30.88,21,68
2007,54,0,1320,Bob Estes,30.84,33,107
2007,55,0,2036,Jim Rutledge,30.77,16,52
2007,55,0,2104,Jeff Sluman,30.77,16,52
2007,57,0,19846,Brian Gay,30.63,34,111
2007,58,0,24925,Jonathan Byrd,30.49,25,82
2007,59,0,1035,Tommy Armour III,30.43,21,69
2007,59,0,23349,Charles Warren,30.43,28,92
2007,61,0,6621,Joe Durant,30.36,17,56
2007,62,0,6034,Marco Dawson,30.34,27,89
2007,63,0,6515,Shaun Micheel,30.26,23,76
2007,64,0,12680,Shigeki Maruyama,30.08,37,123
2007,65,0,25345,Carl Pettersson,30.0,33,110
2007,66,0,1142,Bart Bryant,29.87,23,77
2007,67,0,1381,Fred Funk,29.85,20,67
2007,67,0,20628,Arron Oberholser,29.85,20,67
2007,69,0,12602,Dean Wilson,29.59,29,98
2007,70,0,21350,Ryuji Imada,29.41,40,136
2007,70,0,8881,Tripp Isenhour,29.41,30,102
2007,70,0,21660,Jason Schultz,29.41,20,68
2007,70,0,6567,Vijay Singh,29.41,20,68
2007,74,0,21949,Joe Ogilvie,29.36,32,109
2007,75,0,24781,Hunter Mahan,29.33,22,75
2007,76,0,22913,John Rollins,29.21,26,89
2007,77,0,7223,Brian Bateman,29.17,21,72
2007,78,0,1388,Robert Gamez,29.07,25,86
2007,79,0,7457,Steve Flesch,28.97,31,107
2007,80,0,1577,Lee Janzen,28.92,24,83
2007,81,0,25804,Bubba Watson,28.89,26,90
2007,82,0,20104,Ken Duke,28.72,27,94
2007,82,0,23325,Vaughn Taylor,28.72,27,94
2007,84,0,19803,Ryan Armour,28.71,29,101
2007,84,0,1941,Tom Pernice Jr.,28.71,29,101
2007,86,0,1157,Tom Byrum,28.57,14,49
2007,86,0,19972,José Coceres,28.57,10,35
2007,86,0,11123,Chris Couch,28.57,26,91
2007,86,0,10425,Jay Williamson,28.57,14,49
2007,90,0,20498,Briny Baird,28.43,29,102
2007,91,0,1766,Billy Mayfair,28.41,25,88
2007,92,0,23983,Luke Donald,28.3,15,53
2007,93,0,1928,Corey Pavin,28.24,24,85
2007,93,0,10213,Dicky Pride,28.24,24,85
2007,95,0,7547,Craig Kanada,28.18,31,110
2007,96,0,25273,Andrew Buckle,28.09,25,89
2007,96,0,24924,Bill Haas,28.09,25,89
2007,98,0,27120,Troy Matteson,28.05,23,82
2007,99,0,24024,Zach Johnson,27.94,19,68
2007,100,0,23048,Eric Axley,27.92,43,154
2007,101,0,1132,Mark Brooks,27.91,12,43
2007,102,0,26289,Boo Weekley,27.87,17,61
2007,103,0,27060,John Mallinger,27.78,25,90
2007,103,0,20160,Charlie Wi,27.78,25,90
2007,105,0,22348,Nick O'Hern,27.63,21,76
2007,106,0,1797,Rocco Mediate,27.38,23,84
2007,107,0,12782,Tim Herron,27.37,26,95
2007,108,0,8537,J.P. Hayes,27.27,30,110
2007,108,0,2206,David Toms,27.27,21,77
2007,110,0,21805,Harrison Frazar,27.16,22,81
2007,111,0,2246,Duffy Waldorf,27.14,19,70
2007,112,0,28486,Michael Putnam,27.08,26,96
2007,113,0,23800,Bryce Molder,26.97,24,89
2007,114,0,20098,Stuart Appleby,26.92,21,78
2007,115,0,1313,Steve Elkington,26.76,19,71
2007,116,0,1024,Billy Andrade,26.73,27,101
2007,117,0,23320,Ryan Palmer,26.72,31,116
2007,118,0,25892,Steve Wheatcroft,26.67,20,75
2007,119,0,23353,J.J. Henry,26.58,21,79
2007,120,0,21731,Freddie Jacobson,26.51,22,83
2007,121,0,12660,Jesper Parnevik,26.44,23,87
2007,122,0,12195,Tom Johnson,26.32,20,76
2007,123,0,24358,Robert Garrigus,26.26,26,99
2007,124,0,1948,Tim Petrovic,26.21,27,103
2007,125,0,21633,Steve Allan,26.0,13,50
2007,126,0,26596,Ryan Moore,25.97,20,77
2007,127,0,24490,George McNeill,25.84,23,89
2007,128,0,12705,Cliff Kresge,25.78,33,128
2007,129,0,25190,Jeff Quinney,25.71,27,105
2007,130,0,7749,Brett Quigley,25.56,23,90
2007,131,0,1724,Jeff Maggert,25.32,20,79
2007,131,0,20645,John Senden,25.32,20,79
2007,133,0,26951,Johnson Wagner,25.27,23,91
2007,134,0,22212,Craig Lile,25.26,24,95
2007,135,0,20850,Daniel Chopra,25.0,25,100
2007,135,0,10809,Jim Furyk,25.0,13,52
2007,135,0,10117,Bob Heintz,25.0,22,88
2007,135,0,22806,Doug LaBelle II,25.0,26,104
2007,135,0,1810,Phil Mickelson,25.0,15,60
2007,135,0,26882,Michael Sim,25.0,15,60
2007,135,0,8375,Paul Stankowski,25.0,14,56
2007,142,0,12510,Chad Campbell,24.74,24,97
2007,142,0,12716,Charley Hoffman,24.74,24,97
2007,144,0,12652,Cameron Beckman,24.68,19,77
2007,145,0,7363,Craig Bowden,24.59,15,61
2007,145,0,26360,Bubba Dickerson,24.59,15,61
2007,145,0,12714,Chris Tidland,24.59,15,61
2007,148,0,26420,Richard Johnson,24.55,27,110
2007,149,0,1706,Davis Love III,24.53,13,53
2007,150,0,24507,Jason Bohn,24.49,12,49
2007,150,0,24457,Jaco Van Zyl,24.49,12,49
2007,152,0,26679,Kevin Stadler,24.42,21,86
2007,153,0,24912,Will MacKenzie,24.36,19,78
2007,154,0,22046,Geoff Ogilvy,24.24,16,66
2007,155,0,22295,Darron Stiles,24.19,15,62
2007,156,0,21646,David Branshaw,24.18,22,91
2007,157,0,21961,Charles Howell III,24.14,28,116
2007,158,0,22378,Trevor Immelman,24.07,13,54
2007,159,0,10885,Robert Allenby,24.0,18,75
2007,159,0,28158,Steve Marino,24.0,24,100
2007,161,0,1249,John Daly,23.88,16,67
2007,162,0,1473,Todd Hamilton,23.76,24,101
2007,163,0,1945,Kenny Perry,23.61,17,72
2007,163,0,29476,Kyle Reifers,23.61,17,72
2007,165,0,24502,Adam Scott,23.44,15,64
2007,166,0,19824,Craig Barlow,23.21,13,56
2007,167,0,21209,Sergio Garcia,22.58,14,62
2007,168,0,6522,Ernie Els,22.45,11,49
2007,169,0,23638,Brendon de Jonge,22.37,17,76
2007,170,0,21753,Brian Davis,22.22,20,90
2007,171,0,2101,Joey Sindelar,22.03,13,59
2007,172,0,24361,Pat Perez,21.92,16,73
2007,173,0,11032,Frank Lickliter II,21.65,21,97
2007,174,0,25396,Kevin Na,21.43,18,84
2007,174,0,22293,Heath Slocum,21.43,18,84
2007,176,0,21959,Ted Purdy,21.05,20,95
2007,177,0,6197,Michael Allen,20.99,17,81
2007,178,0,2214,Kirk Triplett,20.83,15,72
2007,179,0,25686,Jason Dufner,20.0,19,95
2007,179,0,20572,Rod Pampling,20.0,16,80
2007,181,0,23613,Rich Barcelo,19.61,20,102
2007,182,0,27933,John Merrick,19.54,17,87
2007,183,0,24980,Scott Gutschewski,19.44,14,72
2007,184,0,21470,Daisuke Maruyama,19.18,14,73
2007,185,0,1677,Tom Lehman,19.15,9,47
2007,186,0,29718,Anthony Kim,18.92,14,74
2007,187,0,20574,Mathew Goggin,18.64,11,59
2007,187,0,27095,Nick Watney,18.64,11,59
2007,189,0,23322,Brett Wetterich,18.52,15,81
2007,190,0,23614,Rich Beem,18.18,14,77
2007,191,0,20157,Retief Goosen,17.31,9,52
2007,192,0,27141,J.B. Holmes,15.07,11,73
2007,193,0,21528,Henrik Stenson,15.0,6,40
2007,194,0,20691,Greg Owen,12.86,9,70
2007,195,0,27702,Matt Hendrix,12.28,7,57
2007,196,0,23497,Tag Ridings,12.07,7,58
2006,1,0,10809,Jim Furyk,46.3,25,54
2006,2,0,6527,Steve Stricker,46.0,23,50
2006,3,0,20812,Tjaart van der Walt,43.1,25,58
2006,4,0,23983,Luke Donald,42.37,25,59
2006,5,0,6004,Stephen Ames,41.67,20,48
2006,6,0,20229,Stewart Cink,40.86,38,93
2006,7,0,20098,Stuart Appleby,40.7,35,86
2006,8,0,20127,Chris Riley,40.28,29,72
2006,9,0,12662,Thomas Levet,40.0,16,40
2006,10,0,8075,Jerry Kelly,39.39,26,66
2006,11,0,6522,Ernie Els,37.5,21,56
2006,11,0,1320,Bob Estes,37.5,30,80
2006,11,0,1677,Tom Lehman,37.5,24,64
2006,14,0,25804,Bubba Watson,36.84,28,76
2006,15,0,1313,Steve Elkington,36.59,15,41
2006,15,0,1766,Billy Mayfair,36.59,30,82
2006,17,0,20157,Retief Goosen,36.49,27,74
2006,18,0,1619,Skip Kendall,36.07,22,61
2006,19,0,20382,Stephen Leaney,36.05,31,86
2006,20,0,6373,José María Olazábal,35.85,19,53
2006,21,0,1161,Mark Calcavecchia,35.56,32,90
2006,22,0,27095,Nick Watney,35.44,28,79
2006,23,0,1810,Phil Mickelson,35.19,19,54
2006,24,0,12660,Jesper Parnevik,35.16,32,91
2006,25,0,1685,J.L. Lewis,35.06,27,77
2006,26,0,20572,Rod Pampling,34.95,36,103
2006,27,0,21878,Mark Wilson,34.94,29,83
2006,28,0,20691,Greg Owen,34.78,16,46
2006,29,0,1329,Brad Faxon,34.51,39,113
2006,30,0,1666,Bernhard Langer,34.29,24,70
2006,31,0,8385,Omar Uresti,34.15,14,41
2006,32,0,22378,Trevor Immelman,33.75,27,80
2006,33,0,7457,Steve Flesch,33.61,40,119
2006,34,0,25842,Jon Mills,33.33,27,81
2006,34,0,1823,Larry Mize,33.33,16,48
2006,34,0,23621,Rory Sabbatini,33.33,23,69
2006,37,0,21949,Joe Ogilvie,32.97,30,91
2006,37,0,25240,D.A. Points,32.97,30,91
2006,39,0,1381,Fred Funk,32.86,23,70
2006,40,0,6251,Chris DiMarco,32.76,19,58
2006,41,0,22892,Jason Gore,32.71,35,107
2006,42,0,6197,Michael Allen,32.38,34,105
2006,43,0,6621,Joe Durant,32.26,20,62
2006,43,0,1599,Steve Jones,32.26,30,93
2006,45,0,12602,Dean Wilson,32.2,38,118
2006,46,0,1226,Fred Couples,32.14,9,28
2006,47,0,24502,Adam Scott,31.91,15,47
2006,48,0,19846,Brian Gay,31.9,37,116
2006,49,0,1928,Corey Pavin,31.75,20,63
2006,50,0,23353,J.J. Henry,31.73,33,104
2006,51,0,1706,Davis Love III,31.67,19,60
2006,52,0,26420,Richard Johnson,31.63,31,98
2006,53,0,19881,Robert Damron,31.58,30,95
2006,54,0,20634,Peter Lonard,31.52,29,92
2006,55,0,12760,Danny Ellis,31.51,23,73
2006,56,0,1553,John Huston,31.4,27,86
2006,57,0,1948,Tim Petrovic,31.3,36,115
2006,58,0,7867,Woody Austin,31.13,33,106
2006,59,0,21407,Arjun Atwal,30.97,35,113
2006,60,0,1887,Mark O'Meara,30.91,17,55
2006,61,0,10423,Mike Weir,30.86,25,81
2006,62,0,11032,Frank Lickliter II,30.77,24,78
2006,62,0,1941,Tom Pernice Jr.,30.77,28,91
2006,64,0,7749,Brett Quigley,30.69,31,101
2006,65,0,20628,Arron Oberholser,30.67,23,75
2006,66,0,2206,David Toms,30.65,19,62
2006,67,0,23135,Tim Clark,30.56,22,72
2006,68,0,12782,Tim Herron,30.38,24,79
2006,69,0,2110,Jerry Smith,30.36,34,112
2006,70,0,21660,Jason Schultz,30.3,30,99
2006,71,0,24912,Will MacKenzie,30.26,23,76
2006,72,0,1761,Len Mattiace,30.23,26,86
2006,73,0,22371,Aaron Baddeley,30.11,28,93
2006,74,0,23307,Roger Tambellini,30.0,21,70
2006,75,0,6012,Greg Kraft,29.85,20,67
2006,76,0,23673,Michael Connell,29.82,17,57
2006,77,0,24140,Sean O'Hair,29.73,33,111
2006,78,0,21731,Freddie Jacobson,29.69,19,64
2006,79,0,12510,Chad Campbell,29.55,26,88
2006,80,0,23322,Brett Wetterich,29.17,21,72
2006,81,0,24024,Zach Johnson,29.11,23,79
2006,82,0,25345,Carl Pettersson,29.03,27,93
2006,83,0,23349,Charles Warren,28.77,21,73
2006,84,0,21646,David Branshaw,28.75,23,80
2006,85,0,2104,Jeff Sluman,28.72,27,94
2006,85,0,6595,Kevin Sutherland,28.72,27,94
2006,87,0,6350,Bob May,28.57,16,56
2006,88,0,22046,Geoff Ogilvy,28.4,23,81
2006,89,0,6643,Paul Goydos,28.36,19,67
2006,90,0,1473,Todd Hamilton,28.3,30,106
2006,91,0,6573,Brandt Jobe,28.21,22,78
2006,92,0,21350,Ryuji Imada,28.16,29,103
2006,93,0,20631,David McKenzie,28.05,23,82
2006,94,0,24925,Jonathan Byrd,28.0,14,50
2006,95,0,1042,Paul Azinger,27.78,30,108
2006,95,0,10860,Justin Leonard,27.78,25,90
2006,97,0,8375,Paul Stankowski,27.71,23,83
2006,98,0,23718,Nathan Green,27.43,31,113
2006,99,0,27120,Troy Matteson,27.27,27,99
2006,100,0,20593,Greg Chalmers,27.18,28,103
2006,101,0,23541,Ben Crane,27.17,25,92
2006,102,0,1035,Tommy Armour III,27.14,19,70
2006,102,0,20105,Jeff Gove,27.14,19,70
2006,102,0,20094,Jonathan Kaye,27.14,19,70
2006,105,0,23325,Vaughn Taylor,27.12,32,118
2006,106,0,24357,K.J. Choi,27.03,20,74
2006,107,0,20850,Daniel Chopra,26.96,31,115
2006,108,0,8537,J.P. Hayes,26.87,18,67
2006,109,0,12755,Vance Veazey,26.83,22,82
2006,110,0,22913,John Rollins,26.74,23,86
2006,111,0,23409,James Driscoll,26.61,29,109
2006,112,0,23623,Bo Van Pelt,26.58,21,79
2006,113,0,1142,Bart Bryant,26.56,17,64
2006,114,0,1388,Robert Gamez,26.37,24,91
2006,115,0,1139,Olin Browne,26.09,24,92
2006,115,0,12716,Charley Hoffman,26.09,24,92
2006,117,0,20099,Doug Barron,25.84,23,89
2006,118,0,21753,Brian Davis,25.81,24,93
2006,118,0,6575,Dudley Hart,25.81,24,93
2006,118,0,21961,Charles Howell III,25.81,24,93
2006,121,0,7223,Brian Bateman,25.71,18,70
2006,122,0,10505,Shane Bertsch,25.64,30,117
2006,123,0,20766,Padraig Harrington,25.58,11,43
2006,124,0,2223,Bob Tway,25.56,23,90
2006,125,0,6515,Shaun Micheel,25.53,24,94
2006,126,0,1945,Kenny Perry,25.49,13,51
2006,127,0,26596,Ryan Moore,25.42,15,59
2006,127,0,2239,Scott Verplank,25.42,15,59
2006,129,0,24507,Jason Bohn,25.0,20,80
2006,129,0,8123,Jeff Brehaut,25.0,19,76
2006,129,0,22621,Ben Curtis,25.0,18,72
2006,129,0,23320,Ryan Palmer,25.0,24,96
2006,133,0,12680,Shigeki Maruyama,24.73,23,93
2006,134,0,1249,John Daly,24.59,15,61
2006,135,0,2106,Chris Smith,24.56,14,57
2006,136,0,21209,Sergio Garcia,24.49,12,49
2006,137,0,6034,Marco Dawson,24.44,22,90
2006,137,0,24781,Hunter Mahan,24.44,22,90
2006,139,0,25900,Lucas Glover,24.39,20,82
2006,140,0,22405,Justin Rose,24.18,22,91
2006,141,0,20498,Briny Baird,24.07,13,54
2006,142,0,23497,Tag Ridings,23.91,33,138
2006,143,0,19824,Craig Barlow,23.81,20,84
2006,143,0,20121,Todd Fischer,23.81,30,126
2006,143,0,11011,Mike Sposa,23.81,15,63
2006,146,0,1577,Lee Janzen,23.76,24,101
2006,147,0,27943,Matt Hansen,23.73,14,59
2006,148,0,22548,Patrick Sheehan,23.66,22,93
2006,149,0,1219,John Cook,23.64,13,55
2006,150,0,20574,Mathew Goggin,23.53,12,51
2006,151,0,6567,Vijay Singh,23.44,15,64
2006,152,0,24924,Bill Haas,23.42,26,111
2006,153,0,1132,Mark Brooks,22.62,19,84
2006,154,0,11123,Chris Couch,22.54,16,71
2006,154,0,19913,Ron Whittaker,22.54,16,71
2006,156,0,23788,D.J. Trahan,22.37,17,76
2006,157,0,10733,Kent Jones,22.0,22,100
2006,158,0,20645,John Senden,21.88,14,64
2006,159,0,25632,Jimmy Walker,21.69,18,83
2006,160,0,2214,Kirk Triplett,21.57,11,51
2006,161,0,20378,Mathias Grönberg,21.43,15,70
2006,161,0,22293,Heath Slocum,21.43,18,84
2006,163,0,24138,Ian Poulter,21.21,7,33
2006,164,0,9011,David Duval,21.11,19,90
2006,164,0,12823,Carlos Franco,21.11,19,90
2006,166,0,23614,Rich Beem,21.05,12,57
2006,166,0,28475,Jeff Overton,21.05,20,95
2006,166,0,27770,Camilo Villegas,21.05,16,76
2006,169,0,10565,Ian Leggatt,21.0,21,100
2006,170,0,12645,Brent Geiberger,20.43,19,93
2006,171,0,2246,Duffy Waldorf,20.34,12,59
2006,172,0,20548,Hidemichi Tanaka,20.33,25,123
2006,173,0,28780,Nicholas Thompson,20.29,14,69
2006,174,0,21805,Harrison Frazar,20.2,20,99
2006,175,0,8793,Tiger Woods,20.0,5,25
2006,176,0,1024,Billy Andrade,19.67,12,61
2006,177,0,25935,John Engler Jr.,19.63,21,107
2006,178,0,20608,David Howell,19.51,8,41
2006,179,0,2101,Joey Sindelar,19.4,13,67
2006,180,0,1707,Steve Lowery,18.6,16,86
2006,181,0,27141,J.B. Holmes,18.52,15,81
2006,182,0,7013,Wes Short Jr.,18.27,19,104
2006,183,0,23048,Eric Axley,18.18,18,99
2006,184,0,21959,Ted Purdy,18.07,15,83
2006,185,0,21470,Daisuke Maruyama,17.91,12,67
2006,186,0,25936,Alex Aragon,17.5,14,80
2006,187,0,8835,Kris Cox,17.24,15,87
2006,188,0,26360,Bubba Dickerson,17.09,20,117
2006,189,0,1724,Jeff Maggert,17.02,16,94
2006,190,0,22946,Henrik Bjornstad,16.67,16,96
2006,191,0,23616,Ryan Hietala,16.22,12,74
2006,192,0,24980,Scott Gutschewski,16.0,8,50
2006,193,0,24361,Pat Perez,15.91,7,44
2006,194,0,10885,Robert Allenby,15.79,9,57
2006,195,0,20472,Alex Cejka,15.58,12,77
2006,196,0,24358,Robert Garrigus,12.68,9,71
2005,1,0,1457,Jay Haas,43.9,18,41
2005,2,0,21753,Brian Davis,43.33,26,60
2005,3,0,1941,Tom Pernice Jr.,40.0,36,90
2005,4,0,10201,Matt Gogel,39.36,37,94
2005,5,0,12782,Tim Herron,39.33,35,89
2005,6,0,10809,Jim Furyk,38.81,26,67
2005,7,0,20850,Daniel Chopra,38.68,41,106
2005,8,0,6004,Stephen Ames,38.46,25,65
2005,9,0,22405,Justin Rose,38.27,31,81
2005,10,0,23621,Rory Sabbatini,38.2,34,89
2005,11,0,1706,Davis Love III,37.5,21,56
2005,12,0,1329,Brad Faxon,37.35,31,83
2005,13,0,20472,Alex Cejka,37.33,28,75
2005,14,0,1797,Rocco Mediate,37.29,22,59
2005,15,0,6515,Shaun Micheel,37.18,29,78
2005,16,0,20229,Stewart Cink,36.96,34,92
2005,17,0,21350,Ryuji Imada,36.92,24,65
2005,18,0,19881,Robert Damron,36.84,35,95
2005,19,0,20098,Stuart Appleby,36.62,26,71
2005,20,0,1361,Dan Forsman,36.07,22,61
2005,21,0,23409,James Driscoll,35.62,26,73
2005,22,0,1577,Lee Janzen,35.56,32,90
2005,23,0,8385,Omar Uresti,35.38,23,65
2005,24,0,1619,Skip Kendall,35.05,34,97
2005,25,0,12602,Dean Wilson,35.0,35,100
2005,26,0,1761,Len Mattiace,34.97,57,163
2005,27,0,2239,Scott Verplank,34.92,22,63
2005,28,0,25345,Carl Pettersson,34.75,41,118
2005,29,0,23135,Tim Clark,34.72,25,72
2005,30,0,24502,Adam Scott,34.69,17,49
2005,31,0,1677,Tom Lehman,34.55,19,55
2005,32,0,1320,Bob Estes,34.44,31,90
2005,33,0,23614,Rich Beem,34.43,21,61
2005,34,0,2206,David Toms,34.21,26,76
2005,35,0,2246,Duffy Waldorf,34.12,29,85
2005,36,0,6332,Neal Lancaster,34.07,31,91
2005,37,0,1666,Bernhard Langer,33.85,22,65
2005,38,0,23353,J.J. Henry,33.71,30,89
2005,38,0,27095,Nick Watney,33.71,30,89
2005,40,0,1685,J.L. Lewis,33.68,32,95
2005,41,0,21805,Harrison Frazar,33.64,36,107
2005,42,0,12680,Shigeki Maruyama,33.33,33,99
2005,42,0,1766,Billy Mayfair,33.33,32,96
2005,42,0,10585,Scott McCarron,33.33,26,78
2005,42,0,1810,Phil Mickelson,33.33,18,54
2005,42,0,2104,Jeff Sluman,33.33,30,90
2005,42,0,23623,Bo Van Pelt,33.33,34,102
2005,48,0,2223,Bob Tway,32.94,28,85
2005,49,0,1487,Jeff Hart,32.91,26,79
2005,50,0,1161,Mark Calcavecchia,32.88,24,73
2005,51,0,20127,Chris Riley,32.84,22,67
2005,52,0,12662,Thomas Levet,32.76,19,58
2005,53,0,6373,José María Olazábal,32.73,18,55
2005,54,0,21949,Joe Ogilvie,32.65,32,98
2005,55,0,1945,Kenny Perry,32.56,14,43
2005,56,0,24227,Justin Bolli,32.47,25,77
2005,57,0,6567,Vijay Singh,32.35,22,68
2005,58,0,24507,Jason Bohn,32.22,29,90
2005,58,0,1132,Mark Brooks,32.22,29,90
2005,60,0,6621,Joe Durant,32.14,18,56
2005,60,0,26420,Richard Johnson,32.14,18,56
2005,62,0,12660,Jesper Parnevik,32.08,34,106
2005,63,0,22295,Darron Stiles,31.94,23,72
2005,64,0,20157,Retief Goosen,31.91,15,47
2005,65,0,21951,Joey Snyder III,31.51,23,73
2005,66,0,8123,Jeff Brehaut,31.48,17,54
2005,67,0,6575,Dudley Hart,31.4,27,86
2005,68,0,1035,Tommy Armour III,31.33,26,83
2005,69,0,24604,Hunter Haas,31.31,31,99
2005,70,0,21731,Freddie Jacobson,31.17,24,77
2005,71,0,24925,Jonathan Byrd,31.15,38,122
2005,72,0,24140,Sean O'Hair,31.11,28,90
2005,73,0,19846,Brian Gay,31.09,37,119
2005,74,0,23541,Ben Crane,30.86,25,81
2005,74,0,24024,Zach Johnson,30.86,25,81
2005,76,0,20498,Briny Baird,30.85,29,94
2005,77,0,1381,Fred Funk,30.77,24,78
2005,78,0,24361,Pat Perez,30.61,30,98
2005,79,0,22548,Patrick Sheehan,30.37,41,135
2005,80,0,1313,Steve Elkington,30.19,16,53
2005,81,0,1175,Jim Carter,30.14,22,73
2005,81,0,1887,Mark O'Meara,30.14,22,73
2005,83,0,1024,Billy Andrade,30.0,24,80
2005,83,0,20160,Charlie Wi,30.0,24,80
2005,85,0,21806,Paul Gow,29.87,23,77
2005,85,0,8537,J.P. Hayes,29.87,23,77
2005,85,0,21878,Mark Wilson,29.87,23,77
2005,88,0,12823,Carlos Franco,29.85,20,67
2005,89,0,6527,Steve Stricker,29.76,25,84
2005,90,0,6573,Brandt Jobe,29.59,29,98
2005,91,0,8931,Glen Day,29.47,28,95
2005,92,0,24290,D.J. Brigman,29.41,20,68
2005,93,0,6251,Chris DiMarco,29.33,22,75
2005,93,0,23322,Brett Wetterich,29.33,22,75
2005,95,0,21209,Sergio Garcia,29.27,12,41
2005,96,0,23108,Matt Kuchar,29.23,19,65
2005,97,0,24138,Ian Poulter,29.17,14,48
2005,98,0,1948,Tim Petrovic,29.13,30,103
2005,99,0,8793,Tiger Woods,29.09,16,55
2005,100,0,21961,Charles Howell III,29.03,18,62
2005,101,0,2010,Loren Roberts,28.99,20,69
2005,102,0,21407,Arjun Atwal,28.95,22,76
2005,103,0,22293,Heath Slocum,28.92,24,83
2005,104,0,20121,Todd Fischer,28.91,37,128
2005,105,0,1157,Tom Byrum,28.7,31,108
2005,106,0,1219,John Cook,28.57,18,63
2005,107,0,22371,Aaron Baddeley,28.33,34,120
2005,108,0,1928,Corey Pavin,28.24,24,85
2005,109,0,1226,Fred Couples,28.21,11,39
2005,109,0,10117,Bob Heintz,28.21,22,78
2005,111,0,26287,Roland Thatcher,28.07,16,57
2005,112,0,7749,Brett Quigley,27.93,31,111
2005,113,0,20691,Greg Owen,27.85,22,79
2005,114,0,23725,Brendan Jones,27.55,27,98
2005,115,0,12652,Cameron Beckman,27.45,28,102
2005,115,0,10425,Jay Williamson,27.45,14,51
2005,117,0,8075,Jerry Kelly,27.4,20,73
2005,118,0,25847,Rob Rashell,27.27,21,77
2005,119,0,10885,Robert Allenby,27.06,23,85
2005,120,0,8725,Tom Gillis,27.03,20,74
2005,121,0,20548,Hidemichi Tanaka,27.0,27,100
2005,121,0,23325,Vaughn Taylor,27.0,27,100
2005,123,0,6599,John Elliott,26.97,24,89
2005,124,0,1388,Robert Gamez,26.92,28,104
2005,125,0,7223,Brian Bateman,26.79,30,112
2005,125,0,22621,Ben Curtis,26.79,15,56
2005,127,0,25396,Kevin Na,26.32,25,95
2005,127,0,20396,Lee Westwood,26.32,10,38
2005,129,0,12510,Chad Campbell,26.26,26,99
2005,130,0,21959,Ted Purdy,26.21,27,103
2005,131,0,20645,John Senden,26.09,24,92
2005,132,0,24912,Will MacKenzie,26.0,26,100
2005,133,0,20382,Stephen Leaney,25.97,20,77
2005,134,0,6034,Marco Dawson,25.64,20,78
2005,134,0,10860,Justin Leonard,25.64,20,78
2005,134,0,20474,Phillip Price,25.64,20,78
2005,137,0,20572,Rod Pampling,25.58,22,86
2005,138,0,20099,Doug Barron,25.45,14,55
2005,139,0,1142,Bart Bryant,25.35,18,71
2005,139,0,1823,Larry Mize,25.35,18,71
2005,141,0,24980,Scott Gutschewski,25.33,19,75
2005,142,0,1418,Bill Glasson,25.0,15,60
2005,142,0,1473,Todd Hamilton,25.0,23,92
2005,142,0,20766,Padraig Harrington,25.0,16,64
2005,142,0,2214,Kirk Triplett,25.0,14,56
2005,146,0,7867,Woody Austin,24.71,21,85
2005,147,0,1927,Dennis Paulson,24.69,20,81
2005,148,0,1599,Steve Jones,24.64,17,69
2005,149,0,12826,Paul Claxton,24.62,16,65
2005,150,0,23540,Jason Allred,24.49,24,98
2005,150,0,20378,Mathias Grönberg,24.49,12,49
2005,152,0,26758,David Hearn,24.44,11,45
2005,153,0,28088,Matt Davidson,24.39,20,82
2005,154,0,1127,Danny Briggs,24.32,18,74
2005,155,0,6197,Michael Allen,24.27,25,103
2005,156,0,8993,Franklin Langham,24.04,25,104
2005,157,0,1723,Andrew Magee,23.89,27,113
2005,158,0,1042,Paul Azinger,23.81,20,84
2005,159,0,10423,Mike Weir,23.61,17,72
2005,160,0,22913,John Rollins,23.6,21,89
2005,161,0,23552,Hank Kuehne,23.58,25,106
2005,162,0,12454,Mario Tiziani,23.53,12,51
2005,163,0,25240,D.A. Points,23.26,20,86
2005,164,0,22046,Geoff Ogilvy,23.17,19,82
2005,165,0,23036,Chris Anderson,22.97,17,74
2005,165,0,6595,Kevin Sutherland,22.97,17,74
2005,167,0,20094,Jonathan Kaye,22.95,14,61
2005,168,0,23320,Ryan Palmer,22.94,25,109
2005,169,0,20634,Peter Lonard,22.73,20,88
2005,170,0,1553,John Huston,22.68,22,97
2005,171,0,20433,Mark Hensby,22.67,17,75
2005,172,0,12645,Brent Geiberger,22.47,20,89
2005,173,0,23497,Tag Ridings,22.41,26,116
2005,174,0,2101,Joey Sindelar,22.35,19,85
2005,175,0,24781,Hunter Mahan,22.32,25,112
2005,176,0,23983,Luke Donald,22.22,8,36
2005,176,0,20628,Arron Oberholser,22.22,8,36
2005,178,0,23788,D.J. Trahan,22.08,17,77
2005,179,0,8545,Glen Hnatiuk,21.88,14,64
2005,180,0,20502,Michael Long,21.84,19,87
2005,181,0,10733,Kent Jones,21.7,23,106
2005,182,0,1139,Olin Browne,21.52,17,79
2005,183,0,25900,Lucas Glover,21.51,20,93
2005,184,0,11032,Frank Lickliter II,21.43,21,98
2005,185,0,21633,Steve Allan,21.14,26,123
2005,186,0,20663,Brenden Pappas,20.88,19,91
2005,187,0,2106,Chris Smith,20.59,21,102
2005,188,0,23349,Charles Warren,20.45,18,88
2005,189,0,19972,José Coceres,20.37,11,54
2005,190,0,24357,K.J. Choi,20.0,11,55
2005,190,0,20623,Gavin Coles,20.0,13,65
2005,192,0,1724,Jeff Maggert,19.7,13,66
2005,193,0,26679,Kevin Stadler,19.0,19,100
2005,194,0,20812,Tjaart van der Walt,18.92,14,74
2005,195,0,7457,Steve Flesch,18.68,17,91
2005,196,0,19824,Craig Barlow,18.52,15,81
2005,197,0,1707,Steve Lowery,18.0,18,100
2005,198,0,23063,Scott Hend,16.84,16,95
2005,199,0,1249,John Daly,16.28,14,86
2005,200,0,10912,Craig Perks,12.04,13,108
2005,201,0,10962,Bradley Hughes,9.8,5,51
2005,202,0,21498,Hideto Tanihara,9.68,6,62
2004,1,0,1320,Bob Estes,46.43,26,56
2004,2,0,2239,Scott Verplank,45.83,22,48
2004,3,0,19825,Darren Clarke,42.86,18,42
2004,3,0,6251,Chris DiMarco,42.86,24,56
2004,3,0,10423,Mike Weir,42.86,24,56
2004,6,0,23621,Rory Sabbatini,42.5,34,80
2004,7,0,8075,Jerry Kelly,41.18,28,68
2004,8,0,1920,Craig Parry,40.82,20,49
2004,9,0,1619,Skip Kendall,40.0,38,95
2004,10,0,2223,Bob Tway,39.39,39,99
2004,11,0,6621,Joe Durant,39.02,16,41
2004,12,0,12660,Jesper Parnevik,38.1,32,84
2004,13,0,12680,Shigeki Maruyama,37.8,31,82
2004,14,0,25396,Kevin Na,37.78,34,90
2004,15,0,20634,Peter Lonard,37.31,25,67
2004,16,0,19972,José Coceres,37.04,20,54
2004,17,0,23135,Tim Clark,36.92,24,65
2004,18,0,12823,Carlos Franco,36.08,35,97
2004,19,0,1666,Bernhard Langer,36.0,9,25
2004,20,0,24357,K.J. Choi,35.44,28,79
2004,21,0,1329,Brad Faxon,35.24,37,105
2004,22,0,20433,Mark Hensby,35.11,33,94
2004,23,0,20157,Retief Goosen,34.38,11,32
2004,24,0,2214,Kirk Triplett,34.33,23,67
2004,24,0,23623,Bo Van Pelt,34.33,23,67
2004,26,0,1685,J.L. Lewis,33.96,36,106
2004,27,0,1161,Mark Calcavecchia,33.87,21,62
2004,28,0,20593,Greg Chalmers,33.72,29,86
2004,29,0,20472,Alex Cejka,33.33,21,63
2004,29,0,21805,Harrison Frazar,33.33,31,93
2004,29,0,12782,Tim Herron,33.33,22,66
2004,29,0,21961,Charles Howell III,33.33,20,60
2004,29,0,2010,Loren Roberts,33.33,26,78
2004,29,0,2101,Joey Sindelar,33.33,26,78
2004,29,0,6527,Steve Stricker,33.33,35,105
2004,36,0,22548,Patrick Sheehan,33.05,39,118
2004,37,0,8537,J.P. Hayes,32.91,26,79
2004,38,0,11032,Frank Lickliter II,32.89,25,76
2004,39,0,1219,John Cook,32.81,21,64
2004,40,0,8931,Glen Day,32.67,33,101
2004,41,0,26287,Roland Thatcher,32.65,16,49
2004,42,0,1724,Jeff Maggert,32.61,15,46
2004,43,0,1810,Phil Mickelson,32.5,13,40
2004,44,0,6004,Stephen Ames,32.39,23,71
2004,45,0,1797,Rocco Mediate,32.35,11,34
2004,46,0,20585,Niclas Fasth,32.26,20,62
2004,47,0,8339,Spike McRoy,32.14,18,56
2004,48,0,12652,Cameron Beckman,31.91,30,94
2004,49,0,2106,Chris Smith,31.76,27,85
2004,50,0,23614,Rich Beem,31.75,20,63
2004,51,0,1761,Len Mattiace,31.68,32,101
2004,52,0,19881,Robert Damron,31.67,19,60
2004,53,0,6522,Ernie Els,31.58,12,38
2004,53,0,1771,Blaine McCallister,31.58,24,76
2004,55,0,2206,David Toms,31.48,17,54
2004,56,0,20229,Stewart Cink,31.4,27,86
2004,57,0,1928,Corey Pavin,31.34,21,67
2004,57,0,6567,Vijay Singh,31.34,21,67
2004,59,0,10860,Justin Leonard,31.33,26,83
2004,60,0,1378,David Frost,31.2,39,125
2004,61,0,10201,Matt Gogel,31.08,23,74
2004,62,0,1473,Todd Hamilton,30.95,26,84
2004,63,0,20378,Mathias Grönberg,30.88,21,68
2004,64,0,22621,Ben Curtis,30.77,12,39
2004,65,0,1707,Steve Lowery,30.59,26,85
2004,66,0,1527,Scott Hoch,30.56,11,36
2004,66,0,24361,Pat Perez,30.56,22,72
2004,68,0,21633,Steve Allan,30.53,29,95
2004,68,0,12510,Chad Campbell,30.53,29,95
2004,70,0,23541,Ben Crane,30.43,28,92
2004,70,0,24024,Zach Johnson,30.43,21,69
2004,72,0,7457,Steve Flesch,30.34,27,89
2004,73,0,6809,Bob Burns,30.3,30,99
2004,73,0,23320,Ryan Palmer,30.3,30,99
2004,75,0,20098,Stuart Appleby,30.19,16,53
2004,76,0,20645,John Senden,30.12,25,83
2004,77,0,19846,Brian Gay,30.0,39,130
2004,77,0,23307,Roger Tambellini,30.0,27,90
2004,79,0,24781,Hunter Mahan,29.91,32,107
2004,80,0,12645,Brent Geiberger,29.9,29,97
2004,81,0,24290,D.J. Brigman,29.85,20,67
2004,81,0,20382,Stephen Leaney,29.85,20,67
2004,83,0,22913,John Rollins,29.69,19,64
2004,84,0,1941,Tom Pernice Jr.,29.55,26,88
2004,85,0,26420,Richard Johnson,29.46,33,112
2004,86,0,19824,Craig Barlow,29.41,20,68
2004,86,0,1948,Tim Petrovic,29.41,30,102
2004,86,0,6595,Kevin Sutherland,29.41,20,68
2004,89,0,25345,Carl Pettersson,29.27,24,82
2004,90,0,8385,Omar Uresti,29.23,19,65
2004,91,0,22293,Heath Slocum,29.17,21,72
2004,92,0,21731,Freddie Jacobson,29.11,23,79
2004,93,0,8793,Tiger Woods,29.09,16,55
2004,94,0,1132,Mark Brooks,28.92,24,83
2004,95,0,1766,Billy Mayfair,28.87,28,97
2004,96,0,1203,Russ Cochran,28.79,19,66
2004,97,0,1938,David Peoples,28.74,25,87
2004,98,0,1927,Dennis Paulson,28.57,18,63
2004,99,0,6373,José María Olazábal,28.33,17,60
2004,99,0,23497,Tag Ridings,28.33,17,60
2004,101,0,24507,Jason Bohn,28.26,26,92
2004,101,0,1968,Nick Price,28.26,13,46
2004,103,0,1249,John Daly,28.21,22,78
2004,104,0,22371,Aaron Baddeley,28.1,34,121
2004,105,0,20628,Arron Oberholser,28.07,16,57
2004,106,0,10912,Craig Perks,28.05,23,82
2004,107,0,20663,Brenden Pappas,28.0,35,125
2004,108,0,24925,Jonathan Byrd,27.96,26,93
2004,109,0,1381,Fred Funk,27.94,19,68
2004,110,0,21893,Brian Kortan,27.78,20,72
2004,111,0,12602,Dean Wilson,27.73,33,119
2004,112,0,6575,Dudley Hart,27.66,13,47
2004,112,0,23353,J.J. Henry,27.66,26,94
2004,114,0,20572,Rod Pampling,27.59,24,87
2004,115,0,2099,Scott Simpson,27.14,19,70
2004,116,0,20104,Ken Duke,27.1,29,107
2004,117,0,21949,Joe Ogilvie,27.06,23,85
2004,118,0,1261,Jay Delsing,26.74,23,86
2004,119,0,6214,Guy Boros,26.67,12,45
2004,120,0,1024,Billy Andrade,26.53,26,98
2004,121,0,7721,Pat Bates,26.32,30,114
2004,122,0,2002,John Riegger,26.19,11,42
2004,122,0,6613,Tommy Tolles,26.19,22,84
2004,124,0,23983,Luke Donald,26.0,13,50
2004,125,0,12682,Hirofumi Miyase,25.97,20,77
2004,126,0,1388,Robert Gamez,25.88,22,85
2004,127,0,23552,Hank Kuehne,25.81,32,124
2004,128,0,12394,Tom Carter,25.58,33,129
2004,129,0,12760,Danny Ellis,25.56,23,90
2004,130,0,1127,Danny Briggs,25.4,16,63
2004,131,0,1157,Tom Byrum,25.37,17,67
2004,132,0,10213,Dicky Pride,25.33,19,75
2004,133,0,8835,Kris Cox,25.3,21,83
2004,133,0,23108,Matt Kuchar,25.3,21,83
2004,133,0,12753,David Morland IV,25.3,21,83
2004,136,0,1035,Tommy Armour III,25.24,26,103
2004,137,0,1677,Tom Lehman,25.0,12,48
2004,137,0,24502,Adam Scott,25.0,10,40
2004,137,0,2104,Jeff Sluman,25.0,15,60
2004,137,0,20548,Hidemichi Tanaka,25.0,17,68
2004,137,0,10425,Jay Williamson,25.0,21,84
2004,142,0,20498,Briny Baird,24.64,17,69
2004,143,0,6197,Michael Allen,24.53,26,106
2004,144,0,1553,John Huston,24.44,11,45
2004,144,0,21878,Mark Wilson,24.44,11,45
2004,146,0,6515,Shaun Micheel,24.36,19,78
2004,147,0,20029,Notah Begay III,24.32,18,74
2004,148,0,20127,Chris Riley,24.24,16,66
2004,149,0,22046,Geoff Ogilvy,24.18,22,91
2004,150,0,1042,Paul Azinger,24.14,21,87
2004,150,0,12705,Cliff Kresge,24.14,21,87
2004,152,0,21407,Arjun Atwal,24.1,20,83
2004,153,0,7867,Woody Austin,24.0,18,75
2004,153,0,23613,Rich Barcelo,24.0,18,75
2004,155,0,20850,Daniel Chopra,23.91,22,92
2004,156,0,10107,Deane Pappas,23.73,14,59
2004,157,0,7939,Dan Olsen,23.71,23,97
2004,158,0,6078,Esteban Toledo,23.36,25,107
2004,159,0,21959,Ted Purdy,23.33,21,90
2004,160,0,25686,Jason Dufner,23.08,21,91
2004,160,0,1926,Steve Pate,23.08,18,78
2004,162,0,8337,Mike Heinen,22.95,14,61
2004,162,0,1945,Kenny Perry,22.95,14,61
2004,164,0,7223,Brian Bateman,22.86,16,70
2004,165,0,21646,David Branshaw,22.83,21,92
2004,166,0,7749,Brett Quigley,22.81,26,114
2004,167,0,2049,Gene Sauers,22.67,17,75
2004,168,0,23338,David Gossett,22.43,24,107
2004,169,0,6332,Neal Lancaster,22.22,20,90
2004,170,0,20121,Todd Fischer,22.12,23,104
2004,171,0,25237,Kevin Muncrief,22.06,15,68
2004,172,0,22405,Justin Rose,22.0,11,50
2004,173,0,1457,Jay Haas,21.88,14,64
2004,174,0,1142,Bart Bryant,21.43,12,56
2004,175,0,20094,Jonathan Kaye,21.33,16,75
2004,176,0,10585,Scott McCarron,21.25,17,80
2004,177,0,2246,Duffy Waldorf,21.15,11,52
2004,178,0,1139,Olin Browne,21.13,15,71
2004,179,0,1361,Dan Forsman,20.99,17,81
2004,180,0,23325,Vaughn Taylor,20.69,18,87
2004,181,0,1887,Mark O'Meara,20.41,10,49
2004,182,0,8123,Jeff Brehaut,20.2,20,99
2004,183,0,1706,Davis Love III,20.0,10,50
2004,184,0,11123,Chris Couch,19.4,13,67
2004,184,0,1577,Lee Janzen,19.4,13,67
2004,186,0,21209,Sergio Garcia,19.23,10,52
2004,187,0,1226,Fred Couples,18.52,10,54
2004,188,0,25900,Lucas Glover,18.37,18,98
2004,189,0,7363,Craig Bowden,18.31,13,71
2004,190,0,1313,Steve Elkington,18.18,12,66
2004,191,0,10733,Kent Jones,17.82,18,101
2004,192,0,10885,Robert Allenby,17.46,11,63
2004,193,0,2245,Grant Waite,17.02,16,94
2004,194,0,23063,Scott Hend,16.3,15,92
2004,195,0,20580,Andre Stolz,14.49,10,69
2004,196,0,8881,Tripp Isenhour,12.28,7,57
2003,1,0,20628,Arron Oberholser,41.18,28,68
2003,2,0,6643,Paul Goydos,40.74,33,81
2003,3,0,21806,Paul Gow,39.13,18,46
2003,4,0,8545,Glen Hnatiuk,38.96,30,77
2003,5,0,1666,Bernhard Langer,38.81,26,67
2003,6,0,20157,Retief Goosen,38.71,12,31
2003,6,0,2010,Loren Roberts,38.71,24,62
2003,8,0,10423,Mike Weir,38.46,20,52
2003,9,0,1766,Billy Mayfair,38.37,33,86
2003,10,0,20645,John Senden,38.33,23,60
2003,11,0,1928,Corey Pavin,38.2,34,89
2003,12,0,7721,Pat Bates,38.1,32,84
2003,13,0,21633,Steve Allan,38.0,19,50
2003,14,0,2239,Scott Verplank,37.5,27,72
2003,15,0,20572,Rod Pampling,37.25,19,51
2003,16,0,24925,Jonathan Byrd,37.14,26,70
2003,17,0,2214,Kirk Triplett,36.62,26,71
2003,18,0,1761,Len Mattiace,36.45,39,107
2003,19,0,2223,Bob Tway,36.36,28,77
2003,20,0,1320,Bob Estes,36.0,27,75
2003,20,0,12680,Shigeki Maruyama,36.0,27,75
2003,20,0,22046,Geoff Ogilvy,36.0,27,75
2003,20,0,6567,Vijay Singh,36.0,18,50
2003,24,0,6573,Brandt Jobe,35.94,23,64
2003,25,0,1329,Brad Faxon,35.79,34,95
2003,26,0,2246,Duffy Waldorf,35.19,19,54
2003,27,0,1161,Mark Calcavecchia,34.48,20,58
2003,28,0,19846,Brian Gay,34.29,36,105
2003,28,0,12705,Cliff Kresge,34.29,24,70
2003,30,0,1024,Billy Andrade,34.25,25,73
2003,31,0,2206,David Toms,33.93,19,56
2003,32,0,8123,Jeff Brehaut,33.82,23,68
2003,33,0,23541,Ben Crane,33.77,26,77
2003,34,0,23036,Chris Anderson,33.7,31,92
2003,35,0,1035,Tommy Armour III,33.33,17,51
2003,35,0,7867,Woody Austin,33.33,23,69
2003,35,0,20498,Briny Baird,33.33,26,78
2003,35,0,6617,Brian Henninger,33.33,21,63
2003,35,0,1706,Davis Love III,33.33,15,45
2003,35,0,6527,Steve Stricker,33.33,29,87
2003,35,0,2170,Hal Sutton,33.33,13,39
2003,42,0,20127,Chris Riley,32.89,25,76
2003,43,0,23135,Tim Clark,32.84,22,67
2003,44,0,12602,Dean Wilson,32.5,26,80
2003,45,0,10809,Jim Furyk,32.35,22,68
2003,46,0,1388,Robert Gamez,32.1,26,81
2003,46,0,10912,Craig Perks,32.1,26,81
2003,48,0,7457,Steve Flesch,31.58,30,95
2003,48,0,12755,Vance Veazey,31.58,24,76
2003,50,0,10860,Justin Leonard,31.48,17,54
2003,51,0,1381,Fred Funk,31.43,22,70
2003,52,0,23177,Kenneth Staton,31.37,16,51
2003,53,0,8793,Tiger Woods,31.25,15,48
2003,54,0,8075,Jerry Kelly,31.15,19,61
2003,55,0,20229,Stewart Cink,31.03,27,87
2003,56,0,1945,Kenny Perry,30.91,17,55
2003,57,0,1175,Jim Carter,30.7,35,114
2003,58,0,24361,Pat Perez,30.69,31,101
2003,59,0,1361,Dan Forsman,30.65,19,62
2003,59,0,25450,Ty Tryon,30.65,19,62
2003,61,0,12782,Tim Herron,30.56,33,108
2003,62,0,6522,Ernie Els,30.3,10,33
2003,63,0,1941,Tom Pernice Jr.,30.23,26,86
2003,64,0,20573,Scott Laycock,30.16,19,63
2003,65,0,12388,Michael Clark II,30.14,22,73
2003,66,0,21878,Mark Wilson,30.12,25,83
2003,67,0,6078,Esteban Toledo,30.11,28,93
2003,68,0,1378,David Frost,30.0,27,90
2003,68,0,2002,John Riegger,30.0,12,40
2003,70,0,20121,Todd Fischer,29.79,28,94
2003,71,0,19825,Darren Clarke,29.73,11,37
2003,72,0,6004,Stephen Ames,29.69,19,64
2003,73,0,21739,Aaron Barber,29.67,27,91
2003,74,0,2101,Joey Sindelar,29.51,18,61
2003,75,0,20094,Jonathan Kaye,29.41,15,51
2003,76,0,10885,Robert Allenby,29.31,17,58
2003,77,0,22293,Heath Slocum,29.21,26,89
2003,78,0,12652,Cameron Beckman,29.17,21,72
2003,79,0,12510,Chad Campbell,29.03,18,62
2003,79,0,23353,J.J. Henry,29.03,27,93
2003,81,0,6251,Chris DiMarco,28.99,20,69
2003,81,0,10213,Dicky Pride,28.99,20,69
2003,83,0,1810,Phil Mickelson,28.75,23,80
2003,84,0,20623,Gavin Coles,28.33,17,60
2003,85,0,22548,Patrick Sheehan,28.28,28,99
2003,86,0,20098,Stuart Appleby,28.17,20,71
2003,87,0,7223,Brian Bateman,28.13,18,64
2003,88,0,1475,Donnie Hammond,27.91,24,86
2003,88,0,8339,Spike McRoy,27.91,24,86
2003,90,0,20634,Peter Lonard,27.85,22,79
2003,91,0,1457,Jay Haas,27.78,20,72
2003,91,0,23034,Brent Schwarzrock,27.78,15,54
2003,93,0,20593,Greg Chalmers,27.69,36,130
2003,93,0,11011,Mike Sposa,27.69,18,65
2003,95,0,22621,Ben Curtis,27.59,16,58
2003,96,0,2104,Jeff Sluman,27.45,14,51
2003,97,0,24356,Jason Buha,27.42,17,62
2003,98,0,6809,Bob Burns,27.4,20,73
2003,99,0,1139,Olin Browne,27.37,26,95
2003,100,0,6595,Kevin Sutherland,27.27,18,66
2003,101,0,10201,Matt Gogel,27.17,25,92
2003,102,0,1132,Mark Brooks,27.16,22,81
2003,103,0,20771,Steven Alker,27.08,26,96
2003,103,0,20940,Kenichi Kuboya,27.08,26,96
2003,105,0,23983,Luke Donald,26.87,18,67
2003,106,0,6515,Shaun Micheel,26.83,22,82
2003,107,0,1887,Mark O'Meara,26.79,15,56
2003,107,0,22913,John Rollins,26.79,15,56
2003,109,0,19972,José Coceres,26.67,12,45
2003,109,0,6475,Jeff Klein,26.67,20,75
2003,111,0,6581,David Sutherland,26.53,13,49
2003,112,0,20029,Notah Begay III,26.44,23,87
2003,113,0,1619,Skip Kendall,26.32,20,76
2003,113,0,25345,Carl Pettersson,26.32,25,95
2003,115,0,1157,Tom Byrum,26.09,18,69
2003,116,0,20099,Doug Barron,25.88,22,85
2003,117,0,20568,Anthony Painter,25.81,24,93
2003,118,0,6034,Marco Dawson,25.71,18,70
2003,119,0,20548,Hidemichi Tanaka,25.68,19,74
2003,120,0,12660,Jesper Parnevik,25.64,20,78
2003,121,0,21209,Sergio Garcia,25.58,11,43
2003,122,0,19881,Robert Damron,25.56,23,90
2003,122,0,8931,Glen Day,25.56,23,90
2003,124,0,12645,Brent Geiberger,25.49,13,51
2003,125,0,21805,Harrison Frazar,25.4,16,63
2003,126,0,2106,Chris Smith,25.35,18,71
2003,127,0,12661,Todd Barranger,25.32,20,79
2003,127,0,20095,Carl Paulson,25.32,20,79
2003,129,0,26420,Richard Johnson,25.3,21,83
2003,129,0,2049,Gene Sauers,25.3,21,83
2003,131,0,19824,Craig Barlow,25.0,21,84
2003,131,0,20574,Mathew Goggin,25.0,17,68
2003,131,0,8633,Per-Ulrik Johansson,25.0,19,76
2003,131,0,10733,Kent Jones,25.0,14,56
2003,131,0,1797,Rocco Mediate,25.0,15,60
2003,131,0,22295,Darron Stiles,25.0,16,64
2003,137,0,20472,Alex Cejka,24.62,16,65
2003,137,0,23108,Matt Kuchar,24.62,16,65
2003,137,0,10585,Scott McCarron,24.62,16,65
2003,140,0,25031,Andy Miller,24.32,18,74
2003,141,0,23656,Jason Caron,24.18,22,91
2003,142,0,1577,Lee Janzen,24.0,18,75
2003,142,0,1948,Tim Petrovic,24.0,18,75
2003,142,0,23621,Rory Sabbatini,24.0,18,75
2003,145,0,12662,Thomas Levet,23.94,17,71
2003,146,0,21961,Charles Howell III,23.91,22,92
2003,147,0,20436,Garrett Willis,23.86,21,88
2003,148,0,1968,Nick Price,23.53,12,51
2003,149,0,1685,J.L. Lewis,23.44,15,64
2003,150,0,1938,David Peoples,23.33,14,60
2003,150,0,26489,Cameron Yancey,23.33,14,60
2003,152,0,1226,Fred Couples,23.08,9,39
2003,152,0,12823,Carlos Franco,23.08,18,78
2003,154,0,22371,Aaron Baddeley,22.95,14,61
2003,155,0,10107,Deane Pappas,22.86,16,70
2003,156,0,1677,Tom Lehman,22.81,13,57
2003,157,0,20663,Brenden Pappas,22.77,23,101
2003,158,0,7749,Brett Quigley,22.73,20,88
2003,159,0,23338,David Gossett,22.67,17,75
2003,160,0,1553,John Huston,22.45,11,49
2003,161,0,11032,Frank Lickliter II,22.39,15,67
2003,162,0,22892,Jason Gore,22.34,21,94
2003,163,0,7101,Dave Stockton Jr.,22.22,22,99
2003,164,0,1569,Peter Jacobsen,22.03,13,59
2003,165,0,23125,Brad Elder,22.0,11,50
2003,166,0,10565,Ian Leggatt,21.88,14,64
2003,167,0,25692,Akio Sadakata,21.62,16,74
2003,168,0,1042,Paul Azinger,21.54,14,65
2003,169,0,1723,Andrew Magee,20.99,17,81
2003,170,0,10425,Jay Williamson,20.59,14,68
2003,171,0,26950,John Morgan,20.55,15,73
2003,172,0,8725,Tom Gillis,20.37,11,54
2003,173,0,20566,Kaname Yokoo,20.31,13,64
2003,174,0,1307,Joel Edwards,20.27,15,74
2003,175,0,6621,Joe Durant,20.0,9,45
2003,175,0,6332,Neal Lancaster,20.0,17,85
2003,177,0,8547,John Maginnes,19.7,13,66
2003,178,0,1724,Jeff Maggert,19.64,11,56
2003,179,0,6575,Dudley Hart,19.61,10,51
2003,180,0,8537,J.P. Hayes,19.48,15,77
2003,181,0,24357,K.J. Choi,19.39,19,98
2003,182,0,1707,Steve Lowery,19.35,12,62
2003,183,0,23552,Hank Kuehne,19.23,15,78
2003,184,0,7941,Mike Grob,19.12,13,68
2003,185,0,24502,Adam Scott,18.92,7,37
2003,186,0,23614,Rich Beem,18.18,12,66
2003,187,0,8337,Mike Heinen,18.03,11,61
2003,188,0,1098,Jay Don Blake,17.91,12,67
2003,189,0,8375,Paul Stankowski,17.57,13,74
2003,190,0,1249,John Daly,9.62,5,52
2002,1,0,19972,José Coceres,53.33,8,15
2002,2,0,20634,Peter Lonard,47.37,9,19
2002,3,0,1677,Tom Lehman,45.45,5,11
2002,4,0,12388,Michael Clark II,44.44,16,36
2002,4,0,8793,Tiger Woods,44.44,4,9
2002,6,0,8993,Franklin Langham,43.75,14,32
2002,6,0,6527,Steve Stricker,43.75,7,16
2002,8,0,8553,Lee Porter,43.33,13,30
2002,9,0,8339,Spike McRoy,42.86,9,21
2002,10,0,24937,Jess Daley,42.31,11,26
2002,11,0,6197,Michael Allen,42.11,8,19
2002,12,0,1761,Len Mattiace,41.67,15,36
2002,13,0,23541,Ben Crane,40.91,9,22
2002,14,0,19824,Craig Barlow,40.0,12,30
2002,14,0,1569,Peter Jacobsen,40.0,8,20
2002,14,0,20502,Michael Long,40.0,10,25
2002,17,0,23135,Tim Clark,39.13,9,23
2002,17,0,2170,Hal Sutton,39.13,9,23
2002,19,0,6373,José María Olazábal,38.89,14,36
2002,20,0,20095,Carl Paulson,38.71,12,31
2002,21,0,8535,Gary Nicklaus,38.46,10,26
2002,22,0,20498,Briny Baird,38.24,13,34
2002,23,0,2206,David Toms,38.1,8,21
2002,24,0,12663,Phil Tataurangi,37.93,11,29
2002,25,0,21961,Charles Howell III,37.5,6,16
2002,25,0,6350,Bob May,37.5,9,24
2002,27,0,7457,Steve Flesch,37.04,10,27
2002,27,0,6573,Brandt Jobe,37.04,10,27
2002,29,0,1320,Bob Estes,36.84,7,19
2002,30,0,1024,Billy Andrade,36.67,11,30
2002,30,0,1132,Mark Brooks,36.67,11,30
2002,32,0,23621,Rory Sabbatini,36.36,8,22
2002,33,0,11011,Mike Sposa,35.71,15,42
2002,34,0,1723,Andrew Magee,35.48,11,31
2002,35,0,7749,Brett Quigley,35.42,17,48
2002,36,0,1219,John Cook,35.29,6,17
2002,36,0,23983,Luke Donald,35.29,6,17
2002,38,0,6012,Greg Kraft,35.14,13,37
2002,38,0,20127,Chris Riley,35.14,13,37
2002,40,0,8075,Jerry Kelly,35.0,7,20
2002,40,0,2239,Scott Verplank,35.0,7,20
2002,42,0,1042,Paul Azinger,34.78,8,23
2002,42,0,10423,Mike Weir,34.78,8,23
2002,44,0,1175,Jim Carter,34.62,9,26
2002,44,0,24361,Pat Perez,34.62,9,26
2002,44,0,1945,Kenny Perry,34.62,9,26
2002,47,0,1157,Tom Byrum,34.38,11,32
2002,47,0,10860,Justin Leonard,34.38,11,32
2002,49,0,19817,Michael Muehr,34.21,13,38
2002,50,0,2104,Jeff Sluman,34.04,16,47
2002,51,0,6004,Stephen Ames,33.33,7,21
2002,51,0,1139,Olin Browne,33.33,11,33
2002,51,0,6809,Bob Burns,33.33,10,30
2002,51,0,23125,Brad Elder,33.33,9,27
2002,51,0,1378,David Frost,33.33,14,42
2002,51,0,6498,Matt Peterson,33.33,11,33
2002,51,0,2002,John Riegger,33.33,7,21
2002,58,0,12823,Carlos Franco,32.43,12,37
2002,59,0,6332,Neal Lancaster,32.35,11,34
2002,60,0,1381,Fred Funk,32.26,10,31
2002,61,0,2106,Chris Smith,32.14,9,28
2002,61,0,2257,Brian Watts,32.14,9,28
2002,63,0,9011,David Duval,31.82,7,22
2002,63,0,6016,Brad Lardon,31.82,7,22
2002,65,0,21209,Sergio Garcia,31.58,6,19
2002,65,0,1666,Bernhard Langer,31.58,6,19
2002,67,0,23800,Bryce Molder,31.37,16,51
2002,68,0,7867,Woody Austin,31.25,10,32
2002,68,0,20157,Retief Goosen,31.25,5,16
2002,70,0,1707,Steve Lowery,31.03,9,29
2002,70,0,22293,Heath Slocum,31.03,9,29
2002,72,0,20029,Notah Begay III,30.43,7,23
2002,72,0,1161,Mark Calcavecchia,30.43,7,23
2002,72,0,6036,Scott Dunlap,30.43,7,23
2002,72,0,6522,Ernie Els,30.43,7,23
2002,76,0,6617,Brian Henninger,30.3,10,33
2002,77,0,8633,Per-Ulrik Johansson,30.0,9,30
2002,77,0,2214,Kirk Triplett,30.0,6,20
2002,79,0,8545,Glen Hnatiuk,29.63,8,27
2002,79,0,2223,Bob Tway,29.63,8,27
2002,79,0,20566,Kaname Yokoo,29.63,8,27
2002,82,0,19846,Brian Gay,29.55,13,44
2002,83,0,6621,Joe Durant,29.41,5,17
2002,83,0,6567,Vijay Singh,29.41,5,17
2002,85,0,1619,Skip Kendall,29.27,12,41
2002,86,0,23338,David Gossett,29.17,7,24
2002,87,0,20574,Mathew Goggin,29.03,9,31
2002,87,0,20094,Jonathan Kaye,29.03,9,31
2002,87,0,1706,Davis Love III,29.03,9,31
2002,90,0,1142,Bart Bryant,28.57,8,28
2002,90,0,20645,John Senden,28.57,6,21
2002,90,0,2099,Scott Simpson,28.57,10,35
2002,93,0,1035,Tommy Armour III,28.13,9,32
2002,94,0,12782,Tim Herron,28.0,7,25
2002,94,0,23108,Matt Kuchar,28.0,7,25
2002,94,0,1920,Craig Parry,28.0,7,25
2002,94,0,1926,Steve Pate,28.0,7,25
2002,94,0,2101,Joey Sindelar,28.0,7,25
2002,99,0,24925,Jonathan Byrd,27.78,10,36
2002,100,0,1329,Brad Faxon,27.59,8,29
2002,101,0,1927,Dennis Paulson,27.27,9,33
2002,101,0,10912,Craig Perks,27.27,9,33
2002,101,0,2133,Craig Stadler,27.27,6,22
2002,104,0,20593,Greg Chalmers,27.08,13,48
2002,105,0,12826,Paul Claxton,27.03,10,37
2002,105,0,10565,Ian Leggatt,27.03,10,37
2002,107,0,6251,Chris DiMarco,26.92,7,26
2002,108,0,7721,Pat Bates,26.67,8,30
2002,109,0,20229,Stewart Cink,26.47,9,34
2002,109,0,12645,Brent Geiberger,26.47,9,34
2002,111,0,1388,Robert Gamez,26.32,5,19
2002,111,0,22046,Geoff Ogilvy,26.32,10,38
2002,113,0,1553,John Huston,26.09,6,23
2002,114,0,6575,Dudley Hart,25.93,7,27
2002,115,0,6595,Kevin Sutherland,25.71,9,35
2002,116,0,10107,Deane Pappas,25.58,11,43
2002,117,0,1307,Joel Edwards,25.0,7,28
2002,117,0,1527,Scott Hoch,25.0,6,24
2002,117,0,6315,Pete Jordan,25.0,8,32
2002,117,0,12660,Jesper Parnevik,25.0,6,24
2002,117,0,20548,Hidemichi Tanaka,25.0,8,32
2002,122,0,21806,Paul Gow,24.32,9,37
2002,123,0,2010,Loren Roberts,24.24,8,33
2002,124,0,1457,Jay Haas,24.0,6,25
2002,125,0,1771,Blaine McCallister,23.81,5,21
2002,126,0,1098,Jay Don Blake,23.68,9,38
2002,127,0,24357,K.J. Choi,23.53,8,34
2002,127,0,8537,J.P. Hayes,23.53,8,34
2002,127,0,10962,Bradley Hughes,23.53,4,17
2002,127,0,1724,Jeff Maggert,23.53,4,17
2002,127,0,23623,Bo Van Pelt,23.53,8,34
2002,132,0,12652,Cameron Beckman,23.33,7,30
2002,132,0,21805,Harrison Frazar,23.33,7,30
2002,132,0,1577,Lee Janzen,23.33,7,30
2002,135,0,20043,Edward Fryatt,23.08,9,39
2002,135,0,10117,Bob Heintz,23.08,9,39
2002,135,0,10733,Kent Jones,23.08,9,39
2002,135,0,1810,Phil Mickelson,23.08,6,26
2002,135,0,1968,Nick Price,23.08,3,13
2002,140,0,19881,Robert Damron,22.86,8,35
2002,140,0,20105,Jeff Gove,22.86,8,35
2002,140,0,1941,Tom Pernice Jr.,22.86,8,35
2002,140,0,2246,Duffy Waldorf,22.86,8,35
2002,144,0,1599,Steve Jones,22.73,5,22
2002,144,0,11032,Frank Lickliter II,22.73,5,22
2002,144,0,12753,David Morland IV,22.73,5,22
2002,147,0,1014,Fulton Allem,22.22,4,18
2002,147,0,23353,J.J. Henry,22.22,6,27
2002,147,0,10213,Dicky Pride,22.22,6,27
2002,147,0,20436,Garrett Willis,22.22,8,36
2002,151,0,12510,Chad Campbell,21.88,7,32
2002,151,0,1685,J.L. Lewis,21.88,7,32
2002,153,0,2245,Grant Waite,21.57,11,51
2002,154,0,1766,Billy Mayfair,21.43,6,28
2002,154,0,6515,Shaun Micheel,21.43,6,28
2002,154,0,1938,David Peoples,21.43,6,28
2002,157,0,1185,Brandel Chamblee,21.21,7,33
2002,158,0,1475,Donnie Hammond,20.83,5,24
2002,158,0,12680,Shigeki Maruyama,20.83,5,24
2002,158,0,21949,Joe Ogilvie,20.83,5,24
2002,158,0,1928,Corey Pavin,20.83,5,24
2002,162,0,22913,John Rollins,20.51,8,39
2002,163,0,10885,Robert Allenby,20.0,7,35
2002,163,0,10201,Matt Gogel,20.0,5,25
2002,163,0,1887,Mark O'Meara,20.0,3,15
2002,163,0,6078,Esteban Toledo,20.0,5,25
2002,167,0,10585,Scott McCarron,19.51,8,41
2002,168,0,7223,Brian Bateman,19.44,7,36
2002,169,0,6613,Tommy Tolles,19.35,6,31
2002,170,0,1797,Rocco Mediate,18.75,3,16
2002,171,0,23903,Stephen Gangluff,17.95,7,39
2002,171,0,2322,Richard Zokol,17.95,7,39
2002,173,0,1226,Fred Couples,17.65,3,17
2002,173,0,8931,Glen Day,17.65,6,34
2002,173,0,1514,Eduardo Herrera,17.65,6,34
2002,176,0,1313,Steve Elkington,17.24,5,29
2002,177,0,1948,Tim Petrovic,16.67,4,24
2002,178,0,10649,Tom Scherrer,16.13,5,31
2002,179,0,1249,John Daly,16.0,4,25
2002,179,0,20572,Rod Pampling,16.0,4,25
2002,181,0,8123,Jeff Brehaut,15.79,6,38
2002,181,0,10809,Jim Furyk,15.79,3,19
2002,181,0,23322,Brett Wetterich,15.79,6,38
2002,184,0,23614,Rich Beem,15.38,4,26
2002,184,0,20663,Brenden Pappas,15.38,4,26
2002,186,0,6643,Paul Goydos,14.29,3,21
2002,186,0,23177,Kenneth Staton,14.29,4,28
2002,186,0,10425,Jay Williamson,14.29,5,35
2002,189,0,21633,Steve Allan,13.16,5,38
2002,190,0,8881,Tripp Isenhour,12.9,4,31
2002,191,0,2110,Jerry Smith,12.82,5,39
2002,192,0,10457,Frank Nobilo,12.5,5,40
2002,193,0,7003,David Berganio Jr.,11.76,2,17
2002,194,0,1549,Mike Hulbert,11.54,3,26
2002,194,0,19958,Miguel Angel Jiménez,11.54,3,26
2002,196,0,1361,Dan Forsman,11.11,2,18
2002,196,0,1374,Robin Freeman,11.11,3,27
2002,198,0,8375,Paul Stankowski,10.34,3,29
2002,199,0,1203,Russ Cochran,9.52,2,21
2002,200,0,20098,Stuart Appleby,8.0,2,25
2002,201,0,26289,Boo Weekley,7.14,1,14
2002,202,0,21259,Jason Hill,6.25,1,16
2001,1,0,1139,Olin Browne,100.0,1,1
2001,1,0,19972,José Coceres,100.0,1,1
2001,1,0,1388,Robert Gamez,100.0,1,1
2001,1,0,6617,Brian Henninger,100.0,1,1
2001,1,0,21961,Charles Howell III,100.0,1,1
2001,1,0,8633,Per-Ulrik Johansson,100.0,1,1
2001,1,0,20094,Jonathan Kaye,100.0,1,1
2001,1,0,8339,Spike McRoy,100.0,1,1
2001,1,0,1797,Rocco Mediate,100.0,1,1
2001,1,0,1823,Larry Mize,100.0,1,1
2001,1,0,2002,John Riegger,100.0,1,1
2001,1,0,6527,Steve Stricker,100.0,1,1
2001,13,0,1968,Nick Price,50.0,1,2
2001,14,0,21633,Steve Allan,0.0,0,1
2001,14,0,10885,Robert Allenby,0.0,0,1
2001,14,0,7867,Woody Austin,0.0,0,1
2001,14,0,1042,Paul Azinger,0.0,0,1
2001,14,0,12652,Cameron Beckman,0.0,0,1
2001,14,0,7003,David Berganio Jr.,0.0,0,1
2001,14,0,1161,Mark Calcavecchia,0.0,0,1
2001,14,0,20229,Stewart Cink,0.0,0,1
2001,14,0,1203,Russ Cochran,0.0,0,1
2001,14,0,1249,John Daly,0.0,0,1
2001,14,0,6251,Chris DiMarco,0.0,0,1
2001,14,0,1329,Brad Faxon,0.0,0,1
2001,14,0,22051,Ben Ferguson,0.0,0,1
2001,14,0,21805,Harrison Frazar,0.0,0,1
2001,14,0,1374,Robin Freeman,0.0,0,2
2001,14,0,21209,Sergio Garcia,0.0,0,1
2001,14,0,1418,Bill Glasson,0.0,0,1
2001,14,0,21806,Paul Gow,0.0,0,1
2001,14,0,8545,Glen Hnatiuk,0.0,0,1
2001,14,0,1577,Lee Janzen,0.0,0,1
2001,14,0,12705,Cliff Kresge,0.0,0,1
2001,14,0,6350,Bob May,0.0,0,1
2001,14,0,19817,Michael Muehr,0.0,0,1
2001,14,0,1941,Tom Pernice Jr.,0.0,0,1
2001,14,0,23621,Rory Sabbatini,0.0,0,1
2001,14,0,11011,Mike Sposa,0.0,0,1
2001,14,0,2206,David Toms,0.0,0,1
2001,14,0,2223,Bob Tway,0.0,0,1
2001,14,0,10425,Jay Williamson,0.0,0,1
2001,14,0,20436,Garrett Willis,0.0,0,1
